0
1
2
3
6
7
9
12
14
16
17
18
19
20
21
22
23
25
26
27
28
29
30
31
43
44
45
46
48
49
50
51
55
56
57
58
59
60
61
62
63
64
65
66
67
68
69
70
71
72
73
74
75
77
79
85
95
97
98
99
100
102
103
104
105
106
107
108
109
110
112
113
114
116
121
124
127
130
131
132
133
135
138
140
148
149
151
153
156
159
167
168
169
170
171
188
191
193
194
195
197
198
201
202
203
204
215
216
217
218
220
222
226
227
229
232
233
234
237
242
243
244
245
246
247
248
249
250
251
252
254
255
257
258
260
263
264
265
266
270
271
274
276
278
280
283
287
289
292
297
299
300
301
303
306
307
308
310
311
312
314
316
319
322
324
325
327
328
329
330
331
332
333
334
335
339
341
343
344
352
353
356
359
362
365
369
370
371
372
376
377
406
407
408
409
410
412
417
419
421
422
424
426
427
430
437
438
439
440
442
444
446
450
453
457
461
462
463
465
467
468
470
474
477
484
486
489
490
491
493
494
497
498
499
500
504
505
506
507
508
511
513
516
517
520
521
524
529
531
532
533
535
538
540
544
545
548
549
550
552
555
556
557
559
561
565
568
569
571
588
589
591
593
594
596
597
598
599
604
605
608
609
610
611
612
613
614
616
619
620
621
626
629
632
637
640
641
642
643
644
645
646
647
648
649
650
651
652
654
667
670
671
672
673
675
676
677
678
682
683
684
685
686
688
689
690
691
692
693
697
702
707
708
709
710
711
713
715
717
718
720
721
723
726
727
730
732
733
735
739
743
744
746
747
749
751
759
762
764
765
766
767
779
782
784
785
786
787
789
793
795
798
799
800
801
802
804
805
806
807
808
809
810
811
812
817
819
822
823
824
825
826
827
828
830
835
837
838
840
842
843
844
845
846
847
850
852
855
856
857
858
860
866
867
869
870
871
872
873
875
877
878
879
882
883
885
887
888
892
893
895
897
898
900
902
906
910
911
915
916
917
918
919
920
922
923
924
925
926
928
929
930
932
933
935
937
939
942
945
946
947
948
949
950
951
952
953
954
955
956
958
959
960
961
962
963
964
966
967
968
971
972
974
977
978
979
980
981
982
983
984
985
986
989
991
1090
1094
1104
1105
1106
1107
1110
1111
1112
1113
1114
1115
1116
1118
1123
1124
1126
1128
1130
1133
1134
1138
1141
1142
1143
1144
1146
1150
1154
1155
1156
1160
1164
1168
1169
1170
1171
1172
1173
1175
1179
1180
1181
1189
1190
1191
1192
1194
1195
1196
1212
1214
1215
1216
1217
1218
1220
1223
1226
1227
1228
1231
1238
1239
1240
1245
1247
1249
1250
1254
1258
1259
1261
1267
1268
1269
1270
1271
1272
1273
1274
1275
1276
1277
1280
1281
1283
1284
1285
1287
1288
1291
1293
1295
1300
1302
1311
1312
1313
1314
1315
1316
1317
1319
1322
1323
1324
1325
1327
1334
1338
1339
1341
1342
1343
1345
1347
1349
1350
1351
1352
1354
1356
1357
1358
1359
1362
1363
1364
1366
1367
1372
1375
1378
1381
1382
1383
1384
1385
1386
1387
1388
1389
1392
1393
1394
1397
1399
1402
1403
1404
1405
1406
1417
1418
1422
1423
1426
1427
1430
1433
1434
1435
1436
1438
1440
1441
1444
1445
1446
1447
1448
1449
1450
1451
1452
1453
1456
1457
1458
1459
1460
1462
1464
1466
1467
1469
1474
1475
1476
1477
1478
1479
1480
1481
1482
1483
1484
1485
1486
1487
1489
1490
1491
1492
1493
1494
1495
1496
1497
1499
1500
1501
1502
1503
1505
1506
1508
1510
1511
1512
1513
1515
1517
1520
1521
1523
1524
1525
1526
1527
1528
1529
1530
1531
1532
1533
1534
1535
1537
1539
1540
1541
1542
1544
1547
1549
1550
1551
1554
1555
1557
1558
1559
1560
1561
1562
1563
1564
1565
1566
1567
1571
1572
1574
1578
1579
1580
1581
1582
1584
1585
1586
1587
1591
1592
1594
1596
1598
1605
1611
1615
1619
1620
1622
1626
1632
1633
1634
1635
1636
1637
1638
1639
1640
1641
1642
1643
1645
1648
1649
1652
1654
1655
1656
1657
1660
1662
1664
1665
1666
1667
1668
1669
1670
1671
1672
1675
1679
1685
1686
1687
1688
1689
1690
1691
1692
1694
1695
1696
1697
1698
1699
1700
1701
1702
1703
1704
1706
1709
1713
1714
1716
1719
1720
1721
1722
1723
1724
1730
1732
1734
1736
1741
1751
1752
1754
1758
1759
1761
1762
1763
1764
1767
1768
1769
1770
1771
1772
1773
1775
1782
1785
1796
1797
1800
1807
1808
1809
1810
1812
1813
1814
1815
1816
1817
1818
1819
1820
1822
1825
1826
1827
1828
1829
1830
1831
1834
1835
1839
1842
1843
1846
1847
1849
1853
1854
1855
1856
1857
1858
1860
1862
1864
1866
1867
1868
1877
1879
1881
1884
1885
1887
1888
1889
1890
1891
1892
1893
1894
1895
1898
1899
1900
1909
1911
1914
1917
1918
1925
1926
1929
1932
1935
1968
1969
1970
1971
1972
1973
1975
1978
1981
1983
1985
1986
1988
1994
1999
2001
2002
2005
2008
2009
2010
2013
2014
2019
2020
2022
2024
2026
2029
2034
2035
2036
2037
2038
2039
2040
2041
2043
2044
2045
2046
2047
2049
2050
2053
2054
2056
2058
2059
2060
2062
2063
2070
2079
2085
2087
2089
2091
2095
2100
2110
2112
2113
2114
2115
2116
2117
2118
2119
2120
2121
2124
2125
2130
2131
2132
2133
2137
2138
2139
2140
2141
2142
2143
2145
2146
2147
2148
2149
2150
2151
2152
2153
2154
2156
2158
2166
2167
2172
2175
2179
2180
2181
2183
2186
2188
2193
2196
2200
2208
2209
2210
2213
2217
2226
2227
2228
2231
2233
2238
2242
2244
2247
2251
2252
2258
2259
2260
2261
2262
2263
2265
2266
2267
2268
2269
2270
2271
2279
2287
2294
2297
2301
2303
2307
2312
2314
2316
2318
2319
2321
2322
2323
2324
2325
2326
2327
2331
2334
2336
2337
2338
2339
2340
2341
2342
2343
2344
2346
2347
2348
2350
2351
2354
2355
2356
2357
2358
2359
2360
2361
2362
2363
2364
2365
2381
2382
2383
2385
2386
2387
2388
2390
2391
2392
2393
2394
2395
2396
2402
2405
2407
2408
2409
2410
2411
2412
2413
2464
2465
2466
2467
2468
2472
2474
2480
2481
2482
2483
2484
2485
2486
2487
2488
2489
2490
2491
2494
2495
2498
2502
2503
2504
2505
2506
2507
2508
2523
2524
2525
2526
2528
2529
2530
2531
2532
2536
2537
2538
2539
2541
2543
2544
2545
2546
2547
2548
2549
2550
2551
2552
2553
2554
2556
2557
2558
2559
2562
2566
2567
2568
2569
2570
2571
2573
2575
2578
2580
2581
2582
2583
2584
2585
2586
2587
2588
2595
2602
2603
2605
2607
2609
2610
2611
2612
2613
2614
2615
2616
2618
2619
2620
2621
2622
2623
2626
2627
2628
2629
2630
2631
2632
2635
2637
2641
2643
2644
2645
2646
2647
2648
2649
2650
2651
2653
2654
2655
2657
2658
2659
2660
2661
2662
2663
2664
2665
2666
2667
2668
2678
2680
2682
2684
2686
2687
2689
2690
2691
2692
2693
2694
2695
2699
2700
2706
2707
2709
2712
2717
2722
2723
2725
2728
2729
2739
2740
2742
2743
2747
2748
2749
2750
2751
2759
2760
2763
2764
2771
2772
2776
2781
2782
2783
2785
2786
2787
2788
2789
2790
2791
2792
2793
2795
2796
2797
2798
2799
2805
2806
2810
2812
2813
2818
2819
2821
2823
2824
2825
2826
2827
2828
2829
2830
2831
2833
2835
2838
2839
2841
2842
2843
2846
2847
2849
2850
2851
2852
2853
2856
2857
2859
2861
2873
2874
2875
2876
2882
2883
2884
2885
2886
2887
2889
2893
2897
2898
2899
2900
2904
2905
2907
2908
2909
2910
2912
2913
2916
2919
2920
2922
2925
2928
2929
2930
2933
2934
2936
2937
2938
2939
2940
2941
2942
2943
2950
2963
2964
2965
2966
2967
2969
2970
2971
2972
2973
2974
2975
2979
2983
2986
2989
2991
2994
2997
2998
3000
3001
3003
3011
3012
3013
3016
3017
3018
3019
3020
3021
3022
3025
3026
3027
3028
3029
3030
3033
3036
3048
3058
3059
3060
3061
3062
3063
3064
3065
3067
3068
3074
3075
3078
3079
3080
3082
3083
3084
3088
3089
3090
3091
3092
3094
3095
3097
3098
3099
3101
3108
3109
3110
3111
3112
3113
3114
3115
3116
3117
3118
3119
3120
3121
3122
3124
3126
3127
3128
3130
3132
3139
3140
3141
3142
3144
3146
3149
3151
3161
3163
3164
3174
3175
3176
3177
3178
3179
3180
3181
3182
3183
3186
3191
3192
3193
3195
3196
3197
3198
3199
3201
3203
3204
3205
3206
3207
3208
3209
3210
3212
3213
3214
3215
3217
3219
3220
3221
3222
3223
3224
3225
3226
3227
3228
3229
3235
3237
3238
3241
3245
3246
3247
3249
3251
3252
3255
3260
3261
3272
3273
3274
3275
3278
3284
3285
3286
3287
3288
3289
3291
3292
3297
3298
3299
3301
3302
3303
3304
3305
3306
3308
3319
3330
3331
3332
3333
3334
3335
3336
3337
3338
3339
3340
3341
3342
3343
3350
3357
3358
3359
3368
3369
3370
3371
3372
3378
3379
3380
3381
3382
3383
3384
3385
3386
3387
3388
3389
3390
3391
3393
3394
3395
3396
3397
3398
3399
3400
3401
3402
3403
3404
3405
3406
3407
3409
3410
3411
3413
3414
3417
3418
3420
3422
3427
3428
3429
3430
3431
3432
3433
3434
3438
3439
3442
3443
3444
3445
3446
3447
3448
3449
3450
3451
3452
3460
3461
3462
3463
3464
3465
3466
3467
3471
3473
3475
3478
3479
3480
3481
3482
3484
3487
3490
3493
3496
3498
3500
3502
3507
3512
3514
3516
3518
3522
3526
3528
3550
3560
3564
3568
3570
3573
3575
3577
3579
3581
3583
3587
3589
3594
3597
3616
3618
3620
3622
3625
3627
3629
3631
3639
3646
3653
3659
3661
3663
3666
3671
3676
3682
3684
3686
3688
3690
3692
3705
3707
3716
3719
3721
3723
3725
3727
3731
3735
3737
3739
3749
3751
3753
3755
3757
3760
3762
3764
3766
3768
3770
3772
3774
3777
3779
3781
3783
3786
3789
3792
3794
3796
3798
3800
3822
3827
3829
3831
3833
3835
3843
3847
3849
3851
3853
3864
3872
3874
3879
3881
3883
3885
3887
3890
3893
3903
3914
3917
3919
3927
3932
3934
3941
3943
3947
3949
3951
3959
3963
3965
3967
3971
3973
3975
3977
3979
3988
3990
3992
3994
3998
4003
4005
4007
4009
4011
4013
4015
4018
4020
4022
4024
4026
4028
4030
4058
4060
4062
4064
4066
4068
4070
4072
4074
4076
4081
4083
4085
4089
4091
4100
4102
4104
4109
4117
4119
4122
4124
4126
4129
4131
4133
4135
4137
4139
4143
4164
4166
4168
4170
4172
4178
4180
4182
4186
4188
4190
4197
4199
4201
4203
4220
4222
4229
4231
4233
4235
4254
4258
4260
4262
4264
4266
4268
4271
4280
4283
4286
4290
4293
4299
4302
4307
4310
4313
4316
4319
4323
4326
4333
4343
4348
4351
4356
4359
4362
4365
4400
4404
4420
4424
4428
4435
4440
4445
4460
4466
4471
4478
4485
4490
4500
4506
4518
4524
4531
4538
4553
4561
4568
4583
4591
4610
4620
4635
4649
4679
4691
4702
4717
4732
