2182
64
3191
115
2831
3191
2831
2831
2835
2831
2834
2835
2831
2834
2833
2834
3210
3210
2025
2025
2025
2025
2025
1048
2025
1101
1101
1101
1433
1881
1881
0
431
474
1304
1368
1621
1865
2213
2214
2551
2552
3161
2213
1621
2552
1368
2201
2799
1474
421
421
1022
1689
2987
2598
2500
3300
1439
1439
2830
920
601
601
3142
1299
1299
1286
989
60
60
2468
510
510
2945
263
2945
2945
2946
510
705
2715
2748
2863
2864
705
911
1681
2204
2205
2244
2546
2748
2863
2864
2715
2794
67
2194
676
676
751
41
82
875
2820
2820
2820
2820
2820
2820
2824
400
629
403
629
403
629
1630
2707
2957
266
403
2707
266
374
1301
632
2376
2715
2376
2376
2376
1692
2376
1691
1692
2376
1399
2376
706
1755
1808
2376
2545
3033
3256
3257
3033
1961
3033
488
3257
1400
2810
3256
592
1400
3256
488
590
706
1808
2233
2843
3033
3256
1808
706
590
2233
379
488
590
706
911
923
933
1808
1840
2233
2376
2545
2659
2843
3033
3256
3302
2546
2659
2843
2233
3035
600
600
585
600
585
440
600
2578
269
269
28
572
585
595
602
755
1218
1372
1477
1597
2869
3297
1597
1372
2869
1372
1816
635
1218
595
1372
1864
2795
1864
794
2795
2038
2039
2795
2507
276
196
276
1523
760
794
849
887
2793
887
2977
589
589
116
2730
1178
1178
2299
2299
530
2299
265
265
3219
3219
3219
3220
265
3219
3220
3220
3220
1329
1329
1330
3115
3116
3116
1330
1611
3116
737
3116
1321
1611
1321
3128
769
2074
3128
760
1419
2073
2074
760
1320
760
849
1320
760
849
1320
2104
2822
760
849
849
849
2278
2822
760
862
3217
3217
3217
862
1795
1795
1795
862
1585
1057
1585
1516
1536
1585
53
2932
2933
2932
2933
191
131
191
608
446
3295
1263
140
580
580
580
580
1145
1147
3082
1145
1147
1145
1147
1147
175
469
1017
1145
1147
2626
2718
3082
2085
104
1325
2085
104
962
986
12
962
986
12
104
986
12
104
986
1647
49
49
159
159
404
480
1010
404
117
155
158
159
404
480
526
548
566
708
911
933
939
947
968
1001
1151
1606
1616
1739
1781
1806
1933
2244
2376
2448
2547
2602
2608
2608
2448
2448
2608
1826
2244
710
1755
1826
2244
2723
710
2723
710
2723
710
701
710
701
710
701
710
1045
2244
710
1243
1643
1826
2244
2691
2692
1643
1826
1826
667
2691
883
1643
900
2692
237
900
1506
2692
1506
2691
2865
806
2546
2691
2865
806
2546
2691
2865
806
806
2546
2808
1833
2808
162
162
3218
160
162
804
1873
69
804
1873
160
162
1660
1709
1892
2747
3050
327
2747
327
607
3304
1545
1473
1473
2571
2571
1025
1473
2721
908
3273
1278
180
1278
1832
2888
1832
1832
2888
2888
2886
2887
2888
7
2937
740
2937
3158
2881
541
2170
2881
541
520
2881
3081
541
596
646
1704
1969
563
1969
563
563
563
885
561
563
2313
561
2313
427
885
2733
2734
2930
859
2806
2930
2806
1725
473
1725
473
1725
2980
3326
3326
2488
3326
2488
3326
204
932
1975
3326
204
932
3147
3147
1975
3162
101
197
204
932
1245
1246
1567
1568
1569
1817
2572
2700
2701
3147
3162
3196
3326
3196
1817
2159
1817
2159
1297
1297
3045
3045
3045
3045
1210
1297
1646
2924
3045
1646
287
353
1646
559
206
206
2183
3321
3106
2813
3106
515
1097
2813
1097
1097
468
559
1619
1620
1621
459
1316
1621
459
1316
1621
459
685
759
1315
1316
1314
1315
3165
2460
658
125
125
125
71
71
450
450
1027
254
2004
270
2004
261
450
615
1381
1733
1866
2124
2222
2244
2305
3152
3290
3291
1866
2022
2244
2124
3152
2477
274
2477
3127
3127
1644
549
566
576
1644
576
576
576
576
566
1509
2526
2526
2526
1413
3141
25
186
292
3141
186
292
424
1929
3141
186
292
360
761
2379
2089
2089
2089
2089
93
2089
2089
2820
2019
2820
2019
2820
2824
1314
181
1314
1314
1315
3165
3165
1112
1315
2820
1404
2820
2783
767
2783
1081
1114
1494
2914
1081
1114
1494
2914
2914
580
2914
580
580
622
2519
2914
580
653
749
1379
1380
1384
1829
3143
580
1379
1384
580
3143
653
749
1829
580
766
1275
1456
1473
1791
2029
2064
2271
2519
2875
3309
2064
2271
2519
2271
3309
2451
361
2640
325
2640
1901
2445
2640
2853
1556
2853
1555
1556
2671
610
610
1782
316
316
2057
2057
2057
2463
2184
2410
2297
2297
511
174
316
334
2015
2016
1737
2016
2015
2016
2529
2529
3225
634
634
795
1169
384
1169
384
1169
2541
2994
3216
2054
2994
1253
398
1253
398
1254
3030
2844
407
415
415
415
2308
3261
2308
2311
2300
2308
2311
975
975
2560
323
2560
323
785
1229
2338
2433
2434
2433
2432
2433
469
2191
2191
2191
1872
2191
2190
2191
2576
923
1503
2732
2850
2734
427
2734
427
2491
1802
596
1802
2007
2874
596
596
1201
2874
3125
3125
1501
3125
1501
3125
726
2938
2939
3125
1729
2784
2938
2939
2784
726
1487
2404
2813
2404
139
139
349
349
349
1114
2072
1120
1120
1307
734
1307
2443
2443
2443
3203
3203
1349
3203
2679
3203
479
2443
1063
1349
2522
1346
1349
2950
890
1176
499
491
491
2090
2090
501
2624
2624
2624
1477
2624
1994
1994
1978
1978
684
684
577
684
3239
2815
523
2333
2815
2333
2333
2643
2333
3071
3156
3156
3156
3156
3156
3156
525
2594
2879
1272
33
1272
2486
2273
2486
33
48
94
114
150
250
261
268
357
365
410
428
442
450
603
618
632
633
637
638
667
701
710
714
758
789
805
812
832
837
840
856
870
879
886
907
1046
1088
1089
1146
1223
1224
1240
1307
1327
1367
1442
1444
1462
1486
1492
1506
1525
1558
1560
1562
1606
1612
1625
1628
1663
1671
1756
1784
1826
1830
1918
1957
1990
2125
2148
2149
2171
2191
2222
2244
2245
2247
2248
2254
2261
2265
2289
2356
2412
2424
2517
2518
2605
2608
2614
2636
2875
2923
2936
2969
2975
3059
3291
300
3166
3289
3291
150
261
300
448
450
2305
3166
3259
3289
3291
536
688
688
688
723
797
723
723
2327
2327
1988
1988
544
1988
555
723
1578
1662
2081
2081
2081
2773
1347
2081
1347
1350
1345
1347
1350
1350
1345
1346
1349
1350
1346
1348
1350
1887
1887
3296
680
3296
581
602
1477
3296
581
602
1477
3296
583
1400
463
1400
2299
3091
463
1400
2299
3091
394
564
2242
2299
1378
606
2940
2940
2970
1583
2970
578
663
2970
3245
663
3245
108
321
578
779
2147
2410
3097
3245
2147
3097
3097
2113
3097
864
2312
310
779
786
850
1129
1586
1820
2131
2329
2451
2862
3245
3246
3253
3297
3325
2329
3325
3325
2329
627
627
627
3151
627
736
1883
736
2179
2814
2179
630
630
1341
2359
630
1275
1703
1791
2029
2317
2340
1791
2340
273
1275
1443
2317
2538
1626
2029
273
2119
2332
895
1161
1852
2332
895
1189
1852
2012
1161
297
895
948
1002
1161
1577
2115
2116
2760
2760
2096
722
722
3150
2055
2055
1352
1352
1352
1811
2345
2962
2035
2962
2035
2035
2100
2962
2100
2021
2461
2962
2461
2608
876
2608
876
1427
2424
2614
2976
2424
2976
876
1224
1427
1625
2424
2614
2615
2975
2976
1224
535
535
2905
1549
1746
426
1746
426
1746
1747
709
721
833
731
833
731
833
1082
1083
1478
1937
3133
1082
1083
1084
3104
1084
731
1478
694
1955
348
495
348
495
348
495
903
903
903
903
2532
1199
2532
2694
848
848
656
1507
1895
1895
1507
1507
3006
3006
1121
1213
1895
1960
3006
1121
1213
3006
1507
1729
3243
801
2334
3243
2334
2334
1171
1171
1206
1206
1634
1634
460
467
1634
2187
865
863
865
901
863
901
863
901
1741
1741
868
868
868
726
868
1099
1487
1802
2759
2813
2876
2938
2939
3125
2938
1097
1601
1966
2759
1220
1220
1221
1222
183
10
183
2032
10
2032
2790
2951
2542
2542
2542
3212
330
3212
1204
1204
2475
2829
3023
2043
954
2013
39
39
2586
1751
1751
93
979
1751
547
837
837
2611
395
2611
395
2611
395
2611
1005
1005
3319
941
951
1005
3319
3320
106
342
1633
1633
3008
11
1517
1270
1270
811
2777
2777
522
293
2195
2024
217
2465
1158
1158
1163
429
429
429
2856
2014
2086
3048
711
344
1377
644
644
1064
1064
2259
765
765
449
449
1918
377
1918
250
1558
1918
1074
1074
1075
1080
1080
1080
2000
2000
1086
281
1091
792
2659
2659
2659
2659
3034
2659
3034
2659
358
1740
1740
2744
1740
1763
2744
1740
2743
3149
3149
207
230
610
610
230
1039
1116
2156
572
299
1135
1139
220
3160
3160
1215
1293
1294
1787
2492
2492
45
1294
284
1294
1786
2031
1669
504
728
728
641
728
1757
2516
2516
624
2515
2516
2608
2515
624
1809
677
2515
677
2289
624
633
705
2546
2863
2864
3046
475
705
1239
2204
2864
3046
475
1239
2204
2513
475
1239
2204
2513
2204
2204
2205
573
2012
2204
2205
1903
2143
2204
2205
2244
2732
1684
1183
1183
2968
675
675
3022
2873
2409
218
1624
1624
2010
672
2010
3248
763
763
2169
3157
2168
3157
1468
2971
1226
1226
1227
1228
1228
1488
1227
2771
1231
1231
1232
1235
1237
1240
1240
3285
623
2458
3285
1205
1250
2458
3148
640
760
908
1789
2661
3217
2661
2079
2079
2921
1641
2609
2658
1784
2658
2693
2693
1409
1282
1282
1794
909
1290
1302
1288
1288
2997
1102
2499
2997
847
1102
2499
2997
1311
1311
1313
1308
1311
1312
1312
1317
2070
1334
1334
670
790
1333
1334
2079
2537
790
2537
790
2537
790
2537
790
999
1334
2333
2537
408
790
889
1006
1695
2412
2537
2606
3031
3213
793
793
1335
793
1335
2946
3078
1335
793
888
1339
1340
552
552
1157
3160
2452
560
3204
3204
2636
1625
1223
1625
1223
1224
1427
1525
1558
1625
1918
1223
1224
1625
250
1223
1224
1558
1606
1625
2424
2614
2615
2975
2976
2615
1625
2424
2614
1223
1625
2261
2424
2614
2923
2976
2923
738
1359
1359
1609
386
726
726
892
268
1202
2703
354
175
354
175
364
976
1388
1388
1958
1391
2171
2171
1739
2171
2602
1406
645
1406
1407
2461
2118
2894
2895
2894
52
2118
2895
2118
2118
2740
1287
1559
2740
2741
1276
1412
1412
1414
2995
1416
2995
1416
2995
1415
1416
1095
1415
567
291
291
746
1415
1564
1863
2259
2377
2685
2763
2377
2453
2377
2453
2453
2454
3280
2454
2454
3267
3267
1423
876
876
876
48
1460
251
251
1279
1927
1279
410
410
826
876
911
1267
1442
1444
2447
2448
2447
2448
410
1442
1444
410
742
1442
742
410
642
894
1224
1444
2244
2923
894
1243
1990
2244
1243
1990
2244
250
1558
2244
250
442
667
840
856
876
879
907
1045
1223
1242
1307
1506
1525
1558
1560
1562
1625
1628
1663
1671
1756
2171
2244
2248
2261
2423
2424
2535
2614
2975
2976
3016
1533
50
1467
1470
2964
2766
2964
1483
2282
2964
1483
2282
2964
435
1483
1844
1845
1024
1024
2089
1024
2089
2181
2818
2819
2820
214
1298
2089
2818
2819
1298
2387
1935
1935
2021
2634
2021
2493
2656
2493
498
498
1172
1476
1172
506
1935
1936
2201
2291
2291
1972
2201
259
1972
557
1972
259
557
1394
1394
1493
2841
3090
3111
3111
2646
659
659
733
1491
603
603
1492
1499
1511
1515
1518
57
85
1530
648
1530
1532
1535
883
1535
883
1296
1534
1537
1537
1793
389
226
417
1044
1466
1764
1883
2158
286
627
639
1466
1690
1764
1883
2158
2814
286
1155
1709
1764
1873
2179
56
1873
543
1873
1873
2945
56
69
1062
1713
309
2359
2542
3212
3293
127
173
207
222
309
1762
2359
2542
3212
3293
173
3168
1541
1542
1542
1542
537
990
250
838
746
746
1564
1995
1995
229
1415
1564
2168
2685
3083
3083
1420
88
259
1420
3275
764
1820
1951
1519
1775
3316
2165
2166
642
703
772
772
1453
1446
1446
2277
3056
1952
3056
1952
1953
642
856
879
907
1825
1826
1888
2244
1888
411
1069
1755
1825
2244
411
840
2244
1069
1753
2148
2149
2148
2148
1796
2148
1796
2105
2149
1303
2105
308
1225
2105
2199
2909
126
308
2909
126
308
2105
3316
308
456
742
1602
1603
2105
2909
3316
460
813
813
949
2050
813
949
2050
2051
168
460
813
949
1634
1635
2049
2050
2051
881
672
672
2176
2215
983
2176
672
983
1930
2737
2739
1193
2215
2413
2991
1903
2991
545
841
1903
841
844
1903
2342
841
500
841
1402
1903
2017
3138
287
1649
1650
1653
1653
1652
1653
1656
1658
1664
1719
1719
1719
1187
1965
1966
2733
2752
2753
2813
2870
1187
1965
1966
2733
2752
2753
2813
2870
727
775
1424
1457
2538
2577
2914
727
775
1457
620
727
775
2538
727
775
727
766
775
1455
766
1454
1455
1456
1457
1456
2914
2519
2914
2064
2519
1592
1497
2669
2360
2360
1674
2198
1680
433
229
433
1418
2408
492
517
2408
517
591
1067
2395
3264
636
654
100
655
461
461
1660
2172
1715
1715
2828
1184
1184
2752
2753
454
3208
1727
1728
1728
3179
814
814
278
2150
2150
454
682
763
802
2062
2299
2419
2651
2913
3087
3089
3132
3255
3258
3274
3323
3323
3323
1369
2044
1612
1745
1754
1752
1754
2585
1295
1295
2296
2296
2018
382
1093
1752
1847
2854
3097
198
2854
3253
198
1955
3049
373
640
640
2479
2479
105
198
205
228
248
269
355
574
713
725
729
738
760
851
1058
1330
1357
1421
1422
1563
1611
1615
1637
1638
1672
1673
1682
1743
1857
1904
1905
1906
2290
2333
2365
2366
2392
2483
2484
2520
2554
2567
2642
2644
2688
2727
3198
3246
3249
3250
3282
582
1862
1755
326
326
806
855
2691
806
855
406
806
855
2476
2691
2844
855
855
2094
594
1850
1855
758
1860
575
2030
2619
569
2618
2619
1876
1613
2066
2535
706
2065
2066
2139
592
2422
1544
3114
2767
1908
68
706
947
1012
1296
1473
1833
1933
2065
2068
2376
2476
2546
2883
3064
2546
3064
2546
2546
2843
2657
1912
1060
1917
1915
1917
2705
2706
1066
133
724
724
2726
724
756
756
1939
570
869
1943
1946
239
1948
1948
2355
877
877
1956
3026
1964
319
2780
2781
2782
412
2780
2781
2782
350
533
497
1997
2001
1999
2001
1999
2001
1999
2001
2003
830
2001
2677
134
3037
3037
660
2041
2040
1736
660
714
827
1069
1442
2030
2691
660
714
827
1069
1442
2030
2691
827
714
1341
714
910
96
387
550
2056
3167
2255
665
821
835
835
2092
571
1772
2200
1539
1539
692
873
2776
2786
357
689
2127
2622
2622
679
1044
2622
679
1724
226
417
1044
1690
185
1690
2132
2862
2862
2862
2862
1603
2142
203
203
2144
2216
213
213
225
339
2154
2088
2162
2160
509
1103
2374
898
782
2196
225
635
1208
1209
1218
1221
1227
1228
1801
2774
1859
2774
1859
2774
1208
1801
1769
2774
787
2011
3236
799
1432
730
340
2173
1617
1587
1617
2217
2713
1251
87
629
730
1818
2206
2234
2220
2220
2221
2220
2221
2237
2220
2221
2237
2681
2910
1042
2220
2237
2681
2910
1401
617
1401
1401
1429
3301
2225
295
609
617
1296
1401
2030
2339
2376
3107
3306
3107
611
3306
611
452
3007
3009
3107
2227
2232
512
512
505
1046
1144
1486
1524
1920
2148
2936
1486
618
1146
1920
3144
268
450
1381
1524
1777
2697
3291
1262
942
1070
1072
1262
34
942
969
1072
1262
2242
2189
2189
2405
819
2091
2091
392
2078
3121
3121
2265
2264
2265
818
6
2093
2093
548
1328
1351
2203
3131
3156
2203
438
1259
1761
3131
1259
3232
3232
1761
2271
2415
2437
3309
2437
2271
3309
2271
3309
531
2616
584
2207
2286
493
1878
2110
1842
1843
128
1843
128
1843
2462
2298
2298
2307
625
2845
2318
2845
2846
2319
146
2402
1974
2325
2330
2983
1953
2758
2983
613
613
2339
295
2339
295
609
613
617
1296
1401
2030
2339
2376
3107
3270
3306
683
289
1811
546
604
1811
2076
2345
2702
2347
2623
2742
1950
2357
2356
2357
2143
2356
2357
2504
783
2143
2504
3277
2358
1100
1100
1100
2365
2366
2386
2366
2366
3325
3325
2369
1588
1588
2314
788
788
2373
2375
788
2373
2375
2383
2382
2383
2381
2382
2383
2380
2382
2383
2382
853
852
853
1885
436
436
2394
2398
2400
2401
2237
2237
628
3311
243
261
448
450
632
2022
3259
150
243
261
448
450
632
742
1524
1866
2022
2305
2562
3259
2562
1068
2431
253
253
2645
2439
2290
1119
2470
671
2474
2391
2581
2649
2785
2391
2581
2649
2785
154
2581
2785
513
1742
2649
513
2336
513
1201
1600
513
1201
1600
2481
741
2481
741
741
2323
513
646
1097
1600
2874
3122
3123
3125
3123
1838
240
1838
2440
884
884
1102
980
2610
641
641
750
897
3100
2884
107
2508
2543
261
2022
2543
261
448
701
150
261
448
450
615
632
1524
1990
2244
3166
3259
3291
150
261
300
448
450
632
3166
3259
3290
3291
1699
995
318
2329
2557
2569
2499
858
2499
768
768
872
1965
1966
2673
2752
732
732
1688
2624
1393
2590
2589
2590
2593
242
242
3018
3019
3021
2595
408
774
860
860
2749
2631
2630
2631
2633
3227
3227
3228
249
408
1267
1390
2606
2615
2686
2637
2639
2693
1614
2986
2654
2574
3051
2675
2675
700
700
1106
1293
1293
2241
1293
2870
1153
101
101
2701
2701
2901
28
101
109
2061
2114
2698
2771
2710
2708
23
23
1306
23
2052
23
598
2497
2497
2750
23
190
442
806
941
1503
1504
2030
2691
2865
369
1504
2652
127
911
933
1504
1505
1865
2004
2506
2602
3302
163
83
3171
2350
1805
2757
2765
2772
668
359
587
896
359
587
896
906
1086
2789
1127
784
1127
2864
1490
1800
2324
397
1598
1598
2257
2257
2827
294
2839
1830
800
707
707
2848
2858
371
2857
187
2501
187
2501
332
2320
705
705
928
443
53
1898
899
899
307
332
393
2859
2860
2993
2993
3136
757
419
757
2892
419
757
2891
2892
2897
750
816
1867
816
1867
3060
390
664
3060
390
664
867
880
3060
211
211
415
416
985
1773
2295
2301
2303
2308
2310
2908
1225
2912
1681
1395
1681
3043
1681
1880
2171
2659
2748
3277
317
451
2926
2927
754
754
2929
3076
876
1069
1671
2171
2837
2947
1780
1780
2953
716
2754
331
1448
1448
152
1448
308
456
1508
1780
1850
1851
2105
2690
2909
2952
2953
308
456
1508
1780
1850
1851
2105
2690
2909
2952
2953
2688
2988
2990
2990
847
1880
597
483
3015
311
717
79
3036
602
612
702
1361
1557
1999
2003
602
612
702
1361
1557
1999
2003
904
817
262
1149
1694
2390
2469
3199
3202
3315
3317
604
2335
3067
458
188
1694
1779
2783
2791
3276
2791
3072
3072
3070
974
3080
3085
3001
891
3101
3101
3103
3105
221
2098
1814
2097
3113
3115
905
3134
1125
3146
1466
335
674
2731
3170
3178
882
1702
2426
3183
724
3183
352
352
3187
3188
3192
3192
3195
789
3192
80
724
1472
1935
2726
725
652
781
1803
1571
409
3044
720
753
2126
3044
3230
699
752
1719
745
3279
518
3241
3137
3248
383
3260
2270
1700
745
1141
1516
1847
1864
2034
3104
3231
320
149
565
953
3287
1712
405
298
405
1445
3303
1445
3303
1445
3303
1445
1447
3303
3305
3314
3318
3155
2348
3254
1053
1054
2348
482
1044
1109
482
1044
1109
226
417
1044
226
417
1437
1866
1437
1866
502
631
1677
1679
2332
502
631
1677
1679
2332
502
631
219
1677
1861
3130
394
785
848
1817
394
785
848
1817
523
1817
184
194
293
360
523
569
848
932
1078
1079
1207
2058
2133
2195
2618
2619
2642
2717
2815
2919
3040
3280
468
1207
1615
1624
2642
2644
3246
3249
3250
3252
1213
1624
2009
2010
1213
1624
2009
3006
305
1310
305
1309
1310
296
992
771
2779
771
2779
260
302
2979
3284
1043
1513
1899
2272
1899
2272
1461
1463
1790
2272
2923
710
2725
2923
365
411
710
1046
1492
1558
1755
1824
1825
1827
1828
1990
2148
2222
2244
2247
2248
2615
2965
1889
2186
1520
1521
1520
1521
554
1520
1521
614
1123
614
1123
614
1123
614
616
653
1121
1122
1123
1124
1769
614
616
1121
1122
1123
1124
3005
614
616
1121
1122
1123
1124
1770
476
614
616
1122
1123
1124
2421
2751
2421
2751
381
970
3065
861
946
970
1765
3064
434
946
978
1765
2889
434
822
978
1766
2809
2930
1697
3139
807
3139
934
2784
914
1073
2075
2934
127
526
1073
1186
1386
1387
1388
1806
2203
2505
2506
2601
2717
1606
1806
295
379
624
1012
2203
2376
2966
2967
3063
826
2204
2966
156
404
2816
2817
1011
2816
2436
3082
551
553
562
579
551
553
562
579
177
306
871
1292
562
875
1597
1618
1637
2079
2213
2929
3097
3325
1104
2287
1138
2880
445
2880
619
626
619
626
1150
1464
1465
439
2124
661
1379
1229
2544
4
882
4
882
1289
1291
1131
2783
3258
26
2087
956
1236
517
777
517
2138
2704
517
591
2704
517
591
2704
828
845
401
2351
1481
1482
1496
2129
275
379
565
568
1481
1482
1529
1681
2171
2203
2204
2205
2244
2376
2505
2513
2514
2608
2794
2966
3063
3277
1985
1986
1987
2783
3093
564
605
97
965
574
1565
686
1156
486
686
850
1085
1361
1820
2000
3233
556
1706
2520
3233
1191
2520
1984
2248
288
389
288
389
510
1539
1692
2376
2409
2715
2791
2794
2796
155
266
308
336
681
1692
1797
2376
673
1808
255
673
1807
1808
2755
201
958
238
1834
3012
3197
1502
1666
829
836
842
829
836
842
829
836
842
1542
1695
1926
2025
2376
2516
2883
159
706
923
1012
1427
1808
1826
2068
2546
2659
2843
1427
1625
2289
1223
1625
308
456
742
1602
1603
1810
2105
2909
456
1602
1613
2467
3316
1613
3316
442
911
968
1069
1625
2690
2906
820
2060
805
820
832
870
1051
1054
37
1054
120
121
425
1056
2033
2811
2944
3256
425
1827
1828
1990
315
1891
2361
3324
157
1203
1376
1678
1904
1905
643
1590
643
3267
649
2397
643
744
825
1789
1847
2007
2228
2625
2848
1698
2770
798
2256
1716
1965
647
666
1716
1853
639
651
878
908
2552
810
3028
1993
2122
1581
2826
179
2037
328
464
7
3129
7
1023
2082
2343
2683
2343
2683
693
2140
770
2155
314
324
943
960
300
450
624
632
633
642
667
799
1088
1146
1224
1444
1506
1525
1560
1602
1625
1888
2012
2056
2171
2199
2222
2265
2424
2772
3054
3055
1459
2276
447
2279
2279
3002
1821
3263
1683
1685
153
2450
1141
1324
346
2478
619
712
619
712
1150
2485
2663
200
2733
580
1145
297
580
593
1852
2582
2584
147
182
183
391
580
913
1081
1354
2914
40
951
1473
2628
526
1234
1473
1512
2721
526
548
566
1606
1739
2448
2602
2608
2667
2943
2666
2667
2943
1497
2668
1035
1036
351
1858
1900
44
601
1078
1930
244
2750
1030
1032
1030
1032
1030
1031
1032
2798
168
813
815
949
961
967
972
991
1635
1823
2014
2045
2046
2047
2050
2051
2344
2662
2722
3041
3206
370
2805
2835
3283
808
2486
621
3307
1271
1272
2289
2486
2608
2714
586
3129
586
2261
1224
1463
2261
2518
192
2961
192
519
330
565
568
615
722
1128
3271
164
2724
298
2982
3002
3004
150
261
448
450
615
632
977
1200
1211
1524
1984
1990
2244
3166
3259
3290
3291
222
3010
186
292
424
481
2133
2671
3140
682
3042
103
2011
940
1344
186
292
424
738
761
1078
1079
1125
1929
1988
2175
2346
2379
2708
2709
2754
2862
2972
3140
955
984
1167
1168
3175
3178
3029
3181
2356
3215
1131
1132
1527
2117
874
1847
2177
120
277
322
521
977
1211
2124
2212
2811
232
1573
1575
12
466
986
89
466
1874
3224
207
1907
2359
207
330
1073
1626
2029
2536
2027
2028
2282
61
280
809
2890
2959
1822
2045
2823
639
780
2322
237
1781
2553
411
1547
2230
778
1257
1592
1593
687
866
2364
687
724
1408
2188
2364
2696
2726
413
966
1052
1053
1054
1397
1923
1983
2021
2376
413
1053
1054
1397
1399
144
1013
2565
144
245
1013
2564
2566
399
1902
3324
81
3018
3021
145
503
3238
250
268
410
667
789
856
879
907
1045
1134
1223
1241
1242
1307
1367
1427
1442
1444
1558
1560
1562
1625
1628
1671
1918
2148
2149
2191
2244
2254
2425
2467
2614
2837
3016
813
949
1634
2049
148
168
466
813
949
961
1634
1635
1822
1823
1874
2045
2049
2050
2051
2823
662
2769
2801
2802
148
922
1635
2048
508
633
914
2203
2850
2858
3302
680
1330
2325
2727
3116
588
848
1798
2453
2454
250
633
734
856
879
907
1223
1558
1625
1671
1918
2254
2261
2265
3016
856
879
907
1562
3016
3055
841
1512
1881
1903
2388
1111
1903
2143
2204
2205
2244
2732
290
653
834
838
1379
2524
2526
414
1105
1107
2418
3085
667
669
846
1366
1846
1918
2055
2261
2518
2923
285
465
1837
2445
2446
2787
667
1134
1242
1326
1327
2055
2056
2248
2264
2265
2535
2613
199
657
1214
1670
1885
3045
252
932
1817
1857
3162
3196
3197
843
851
1584
2451
2900
3097
3246
539
595
600
602
851
956
1236
1363
1371
1372
1528
1536
2498
2624
2869
801
987
1057
1213
1385
1903
3001
3022
261
300
448
450
701
3289
3291
150
243
261
300
448
450
632
2124
2244
2305
3166
3259
3289
3290
3291
250
472
883
1558
1642
2072
2191
3028
33
250
300
1558
1755
1824
1825
1827
1828
2012
2148
2222
2305
2428
2899
3098
3289
3290
3291
565
568
675
1529
1720
2203
2204
2205
2601
3271
310
823
850
1348
1361
1583
1586
1998
2451
3245
3246
3265
3281
3297
3325
279
363
823
1586
1754
2059
2079
2451
2854
3097
3126
3170
3246
3281
114
176
261
365
428
448
450
632
637
638
876
1069
1243
1625
1828
1990
2148
2149
2244
2247
2248
2305
2424
2428
2467
2725
2969
3259
3290
3291
184
523
569
732
1637
2333
2555
2618
2619
2644
2815
2885
25
186
292
325
937
1126
1345
1906
1988
2133
2640
356
623
802
1964
2404
2405
2783
2868
2938
2939
2983
2984
2985
3051
3323
33
375
526
883
1223
1242
1558
1602
1603
1625
1657
1990
2608
2952
3028
