172
8
8
1093
1536
1093
1536
2481
1077
1536
2481
2678
831
1077
1536
1716
2674
2678
1077
1536
2178
2674
2678
2178
1083
1686
2178
1686
1686
1686
1634
1686
1698
1821
1698
2373
1698
2144
2373
1698
1782
2373
1782
2144
1698
2143
2144
2145
16
16
288
1030
1380
16
288
966
1380
2487
1030
1380
2487
16
177
288
576
1030
1100
1791
2487
1791
576
1100
1332
1584
2571
2571
2571
2570
2571
1584
1655
1995
1995
1654
1995
1433
1584
1654
1995
18
1655
18
360
1433
1655
1985
2525
1604
2525
2526
1118
1604
1118
1144
1118
1119
1144
1119
1604
1890
1604
1890
1995
15
1995
15
1445
15
37
15
300
15
1742
1742
1932
1932
1932
15
413
1592
1592
1356
1592
2564
1358
2564
1337
1358
2564
1267
1337
1355
1356
1585
1592
1939
1686
1939
2556
2619
2619
2619
2619
2556
1153
1686
1153
1686
1153
1686
1408
1408
1279
1408
1279
1408
1638
1873
1279
1279
1280
1638
1640
1408
2016
1408
1914
2136
2414
2493
175
2414
1879
2493
1089
2414
1836
2493
2409
2414
14
175
1390
696
1390
696
14
1390
696
1627
696
1627
452
1390
696
2216
1481
1627
1840
2570
1840
1898
1303
1840
159
699
1303
1898
699
699
159
331
699
1681
2692
1608
1608
1608
1420
1608
1420
2637
1608
2029
2029
1420
1620
1620
2374
1420
2235
2624
2628
1723
2624
2628
97
2624
2628
2628
2361
2628
2081
2628
908
2628
949
949
1011
1999
949
961
1011
949
961
1011
2024
949
961
1998
2566
949
1517
1997
1998
1999
949
1517
1997
1998
1999
949
1517
1997
1998
949
1997
1998
1999
2200
2362
2362
2362
1101
2362
1101
2645
256
1101
1101
1102
935
944
1101
1685
1685
921
1478
1685
2593
921
921
1541
921
1461
1541
2159
921
1390
1461
2333
921
2333
921
1746
1885
2333
921
1656
1885
921
1458
921
1632
753
1746
2178
2546
1223
2178
2594
1223
2594
2594
2594
1221
1223
1686
2594
2611
1171
2611
2189
2189
2189
1036
2189
398
1036
1864
1016
1864
1016
1634
1864
1016
1634
1016
1859
2677
2677
42
42
1629
1629
1629
2215
1629
2215
2369
1074
1082
2215
2369
65
1409
1409
2618
1409
1930
2618
70
268
1930
2618
70
160
1928
2618
1928
1930
1696
1341
1696
2634
2668
1751
2634
2668
2669
1283
2633
2634
2668
2634
2647
2648
2650
782
2647
2648
2650
799
1267
1304
1597
2644
2647
2648
2650
2644
2648
1747
1842
1860
1672
1860
2483
1672
1860
2483
1672
1673
1674
1860
2483
1248
1672
1935
1437
1437
1504
1437
1936
1504
1629
1936
2071
2071
2072
815
2071
943
1504
1711
2545
1711
1390
1711
1720
1876
2545
1390
1462
1854
2545
1854
1462
1462
1482
1929
1973
1462
1929
2136
1103
1462
1929
2085
2545
1103
1103
1461
1462
1461
1462
1988
2406
2406
2406
2406
1161
2406
1161
1834
2406
1834
2406
1161
1834
2419
1834
2160
2354
2358
2416
2354
2355
2357
2358
1289
1399
2160
2354
2357
1289
1399
2160
2354
2357
1072
1634
1791
2354
1634
1634
1634
1634
2514
600
1071
1420
1634
2357
2358
1016
1016
1016
1016
1016
1016
1016
1016
1016
1016
1016
1016
1624
1016
1270
2568
2569
2352
2569
2212
2569
931
2212
1766
2569
216
1633
1766
1972
2350
2352
2240
2216
2240
1015
2216
1082
1408
2216
1082
1082
1082
1906
1408
1479
1479
1082
1200
1372
753
1372
753
753
1151
1372
2175
2177
146
753
1021
1151
1200
1532
2178
2575
56
1379
2178
56
56
56
962
57
962
2178
2587
57
57
243
290
717
819
1194
1313
1588
1602
1808
1883
2142
2177
2182
2599
2611
2642
2177
2181
898
899
2181
899
1364
2175
898
1364
2175
202
898
899
1151
1197
1324
1532
1741
2558
2614
2673
2673
2673
1497
1741
2027
2614
2027
2610
2614
2610
2027
2303
2303
2304
1153
1926
2304
1153
1580
1686
2303
1153
1686
1153
1666
1686
1686
1727
1828
1937
1031
1937
374
1937
318
1031
1506
1031
1161
1165
1506
318
1165
1619
1032
1619
1032
2013
2013
2366
491
2011
2012
2013
2366
2011
2012
2014
2366
1296
1296
1888
2559
315
323
1296
1387
1888
2417
2559
1296
1888
2215
2369
1296
1709
1880
1884
53
1348
1753
1880
1884
52
53
1296
1348
1880
1884
52
1348
1753
1880
52
378
1186
1753
1880
378
1493
1880
2600
1493
1953
2600
2638
1493
1205
1190
1205
1901
1190
1051
1190
2498
1051
863
2498
430
1190
1191
2498
2499
2502
2502
2502
816
2502
1797
2499
2502
280
631
816
1051
1609
1797
2499
1609
2499
2543
1609
2499
2543
431
1609
2499
2542
431
2499
2502
2542
2543
431
816
1051
1609
2502
2542
2543
28
430
1051
430
798
1051
1819
28
169
1819
2597
1183
2190
54
54
932
1473
1784
932
1274
713
1473
932
1473
1772
1834
2390
2391
1772
1773
2391
1773
1834
2390
1110
1773
1833
2390
1110
1834
1835
2352
1833
2191
106
2191
764
887
1001
1286
1286
1286
1286
1286
1286
1286
1286
1286
1286
1749
2634
1284
1749
2253
2633
2634
1286
1749
2253
317
1749
2633
2668
1286
1286
1347
2230
176
2230
2230
2671
1309
2409
2671
497
1408
2409
2646
2671
1347
1408
1627
2559
1713
2559
1000
2559
1000
1990
2559
518
1000
2559
518
844
1990
2559
1044
1044
1189
1354
1189
1634
904
1634
904
1351
1634
1351
1521
1634
1521
1634
1664
1665
1666
1686
1664
1666
1686
2653
1664
1686
1666
1686
2099
1664
1686
1925
1926
1927
1047
1926
1686
1927
393
1047
1686
1047
1686
2563
2583
1047
1686
2563
2583
2583
1686
2583
1686
2583
1686
2583
1686
2583
1444
1686
2583
1686
2082
1686
2024
1516
1586
2024
1516
1517
2023
2024
532
949
1223
1516
1517
1586
1804
2023
1783
891
1413
1686
1783
31
1413
31
1686
2066
31
1371
1686
2563
1371
2563
1080
1080
1399
1399
1834
1399
1834
2406
670
1016
1399
1834
1016
1446
1834
2624
1084
597
1084
215
597
1452
1084
1444
1452
1686
1004
1443
1444
1686
2583
1686
2654
1436
1982
2654
1436
2628
1042
1436
1634
1834
2628
1834
2628
1399
1436
1834
1835
2624
1835
1801
1835
188
1801
1835
1708
1835
1708
1731
730
1835
1653
1835
2377
1708
2376
2377
1575
1834
2376
2377
1575
982
1575
1576
1706
2377
1765
1834
906
906
1018
1020
906
907
1018
1020
1018
1020
1275
2701
907
1020
1238
1239
1686
1548
1686
1548
1686
2233
1548
1686
2234
1548
1686
2234
590
1548
1686
1686
2048
1193
1209
1400
1400
1668
1723
1400
1436
1633
2436
1633
1241
2436
1080
1633
2649
1338
1928
2227
1375
1404
2597
2597
963
963
963
963
1134
1134
980
1134
1569
1569
1340
1569
1289
1340
1370
1569
1634
1289
2376
1257
1634
1257
1257
1634
2173
2443
1016
2173
1016
1270
1016
1270
1016
1270
2628
1016
2628
1016
1160
1270
1378
1651
1016
1203
1270
1378
1016
1203
1379
1634
1651
1016
1270
1634
1016
1634
1475
1475
1672
1721
2690
1248
1672
1527
1672
1860
440
1672
1673
1860
2483
2603
2625
896
1314
1311
2616
5
2600
2616
5
1953
2600
1820
1953
2600
1820
1952
1823
1036
1822
1823
2628
1036
1684
2628
107
939
1036
1270
2628
939
1270
2314
2315
2316
1625
1628
390
390
1811
1111
1812
1812
1016
1812
1016
1812
2483
1016
1470
1979
1470
1979
985
1470
1979
1470
1979
2628
985
1470
2628
236
1470
2628
1028
1028
1029
2559
56
2559
56
1390
2559
1390
1873
2333
2539
2559
2539
56
1082
1312
1357
2627
15
961
1082
1312
1509
15
56
1357
1643
15
56
878
1208
1286
1323
1427
1836
2141
2600
2698
1286
1208
1875
57
2141
57
1427
1640
2454
1135
1141
2454
1138
1141
1136
1141
1138
1488
1488
995
1050
1141
1050
1138
1256
1270
1969
2628
1270
2387
2628
1270
1290
2628
1410
2628
1987
2628
1270
1449
1450
1451
1783
1451
1821
2037
2037
937
939
1821
939
2465
939
1016
1270
1016
1220
1489
1698
245
1016
1489
1698
991
1016
1489
1490
303
382
539
1489
1490
1686
1545
1686
1174
1686
948
1686
235
1545
235
2075
238
1686
238
2412
1686
2041
2563
2583
2693
1047
1686
2563
2583
1047
1053
1054
1686
2563
66
1047
2563
2693
2699
1686
2699
299
1686
299
597
1686
2246
2563
1686
2537
2563
1686
2563
2571
1686
2571
2614
1432
1548
1686
2571
947
1509
1548
1686
1548
1686
2231
2232
1695
1663
1662
1663
2534
1662
1663
2530
2534
2684
1662
2529
2533
2534
2684
1184
1207
1408
1626
2414
1408
1777
2414
496
1626
2414
1777
2596
496
1347
1408
1914
1916
2559
182
2559
1484
1589
1643
2559
1643
1643
2620
2620
1461
1643
1856
1461
1681
2135
1629
1681
1717
1526
1629
1717
56
1526
56
1637
1635
1637
1635
1637
1763
2010
1707
2010
349
2010
69
349
1075
1180
2010
349
383
777
1075
1180
1397
1707
1980
1397
2010
2226
1082
1448
1980
2010
1082
1635
2223
2226
2227
1635
2598
2599
2600
2596
2598
2599
2600
2600
2617
2088
2600
1820
1951
2600
1718
1718
2484
385
2476
2484
1718
2476
1729
1464
947
947
947
1163
1163
1380
753
1163
1649
2480
1003
2177
2480
1003
2177
2480
1003
2177
2611
789
1003
2177
1858
2177
2178
2455
2480
987
1515
1522
2480
753
1497
2166
2178
414
753
812
1522
1864
2079
2178
2546
2696
2079
2175
2690
102
753
893
2175
2177
2178
753
893
2177
2619
2635
1857
2619
1638
1856
1857
1896
2619
962
1856
1857
1486
1638
1857
2545
1740
2488
1420
2247
2488
2247
2248
2488
971
1420
2248
971
1420
2628
1219
1420
1834
1292
1834
1292
1292
1292
1292
1834
2504
1834
1987
1834
1858
416
1834
1834
2177
2575
2582
2611
2165
2177
2611
853
1016
2177
2611
45
1265
1833
2177
2611
1090
2430
312
312
1307
1963
1307
2368
2368
421
1286
1307
1991
2368
38
312
1991
1992
312
1734
1992
1416
1416
1417
1686
993
1686
993
1317
1686
1316
1686
1983
1983
2065
2100
1416
1983
2065
2654
2689
1407
1983
2653
2654
2061
2065
2094
2095
2061
2065
2094
2095
1686
1982
2061
2131
1686
1981
1982
1983
1686
1981
1982
2111
1853
1013
1853
1879
2407
1014
1879
2407
839
962
1013
1014
1408
1853
1879
1865
1895
763
1555
1555
1555
1977
1978
1131
1211
1978
1131
1211
1977
1131
1611
1764
598
1168
1764
598
905
1760
1764
598
905
1131
1610
1611
1760
2638
1611
1630
1642
1764
2638
1630
1641
1642
1630
1631
1212
1461
1630
1631
1929
395
1461
1948
1686
1948
2043
2537
469
1686
2030
2043
2537
2563
1686
1948
2030
2031
2043
2563
2140
2563
2140
2140
1316
1317
1686
2563
565
646
1686
2563
895
1316
1686
2065
2111
2127
2151
2152
2340
2654
2127
2036
2152
2439
1053
2036
2151
2439
2439
1954
1961
1966
1976
2021
1016
2021
1016
1468
1016
1659
1016
1582
1016
2524
1016
1510
1864
2177
2181
1510
2177
1037
1864
2177
577
1864
2177
1643
1864
2167
2181
1316
1316
1551
1316
1430
2148
562
1316
1487
1686
2108
2148
564
840
1316
1686
1809
1846
2042
1141
1686
2042
1352
1686
1846
1983
1516
1686
1748
1846
1516
2164
2177
1252
2177
1507
2177
1507
1507
2169
753
1393
2169
2177
753
1295
1393
2177
2045
1686
2045
2549
1153
1686
2045
506
1047
1153
1686
506
1153
1302
1686
1870
1998
2082
2412
2046
2082
505
2082
504
505
1153
1664
2046
2411
1686
2411
2412
1491
528
1491
1761
1761
1761
1761
528
1075
1079
1761
2512
2513
1075
1437
1761
2512
2513
1761
2089
2090
2512
2513
523
2512
145
528
885
1184
1761
2090
885
1184
1761
2025
886
1184
1262
1761
2025
2339
2513
0
885
1262
2025
2339
2513
1127
2122
2124
2146
20
20
2161
20
27
20
26
30
857
26
30
2156
2171
2172
2180
1856
2249
2250
2250
2277
2278
2278
2280
2254
2278
2280
2254
1254
1634
1852
2399
1634
2225
1103
1634
1103
1634
1634
2579
1016
1634
1016
1634
1016
1864
2178
2203
1016
1864
2178
2203
580
1016
1224
1864
2178
1016
1535
1864
1864
2164
2169
2177
2209
1025
1516
2164
2177
1025
1516
2164
2177
251
2177
251
1497
1498
1511
1833
1497
1498
1511
1497
1498
1511
2507
1245
1497
1498
1511
1497
1498
1125
1122
1123
1125
1122
1125
1620
1123
1620
44
975
1123
1125
1600
1620
1816
1937
2001
2255
1620
1621
1937
2255
1620
1621
1937
1619
1620
1621
1937
1620
1834
2428
1279
1834
2428
888
1462
1834
2428
1348
1462
1635
1834
888
1635
1640
1909
2686
2257
2257
2264
2257
2264
2281
2264
2281
2264
2265
2281
1149
2257
2264
2265
2260
2261
84
2261
84
2197
2197
772
807
953
2261
772
807
953
1744
1744
2252
1149
2252
1149
2252
2277
1149
2252
2257
2264
2272
960
1149
2252
2257
2264
2406
2338
2404
2405
2406
951
2336
2338
2404
951
952
2337
2404
2405
1457
2405
1831
2298
2313
2330
2331
178
2331
2332
33
178
2616
32
178
1604
32
33
34
1584
34
658
34
1159
2335
923
923
935
1947
923
935
2154
752
935
1092
2702
938
944
1092
24
938
1060
23
24
938
23
1060
753
938
1521
2353
665
2353
1829
664
1829
1968
1968
2385
1653
1653
1848
2376
1653
1848
2376
2522
788
1164
2522
1164
1710
1733
2522
1164
1896
2522
2691
2691
1896
2666
2666
2667
2400
507
2325
2437
2438
2442
1130
1129
1130
1129
719
1130
1130
2664
411
709
2693
709
1907
411
709
1907
411
709
1776
1817
3
1776
1817
1907
3
1174
1776
1907
2613
2026
2156
2613
564
1544
2026
2610
2613
2614
2610
2612
2613
2614
2475
2495
2503
2506
2506
2515
2516
2517
2456
2506
2515
2516
2517
2516
2517
1070
1070
1902
2040
1070
1902
2040
1070
1083
1738
1738
2027
1738
2027
1738
2027
2091
2092
1686
2092
2093
1416
1738
2027
2091
2093
535
1738
2027
1738
1904
2027
2177
2611
404
2177
2178
2184
2611
414
2173
2177
2178
977
1040
1082
2177
2178
2496
2496
2519
2496
2497
2519
1176
2496
2500
2519
737
2496
2497
2500
1176
1552
1553
936
1081
1553
824
1081
1050
1081
1921
249
936
1458
1921
249
1050
1081
1253
1254
1255
2371
1255
2371
2373
1254
1255
1620
1621
1225
1620
1621
1225
1616
2527
2547
1162
1162
2029
1162
2029
2345
2345
2520
2520
2345
2413
994
2345
2413
2560
1614
1614
2536
2536
743
751
2536
743
1614
1913
2574
2199
2574
2199
6
1267
1269
2134
2562
1267
1454
307
1267
1454
306
1267
1263
1267
2644
1263
2432
2433
202
1802
2433
967
1802
2175
2177
2433
38
202
282
967
179
202
967
2431
2432
1595
2432
2433
179
1295
2431
2433
179
255
1260
1593
1595
1593
2467
2561
2562
2479
1273
1832
2479
217
1379
1832
1379
1725
83
1379
2173
1095
1379
1634
199
433
1634
363
1016
1634
151
1016
1270
1634
264
1016
1270
1334
1634
2214
2461
1775
2214
406
1634
2214
2508
136
1634
1832
1256
1634
1708
481
1708
1758
462
192
920
1512
1285
1512
1739
2648
973
1285
1512
1739
2647
799
1285
1512
1739
2633
1269
1346
1739
2644
1269
1346
1739
1750
1269
1346
1597
1346
1749
1751
2644
513
1346
1751
2492
171
240
1346
1752
2492
2644
1346
1752
2492
171
513
1304
1597
1750
1751
1752
1767
172
513
1751
1752
1767
410
1767
1932
1933
1870
1335
1577
1535
279
1535
2177
279
1519
2177
1519
2177
2507
1519
2177
2243
1524
1524
1680
2643
952
1061
1524
1525
2643
804
909
1016
1061
1524
1525
1016
1291
1465
1979
2588
1469
1979
1469
1470
1471
1979
1435
1470
1471
1979
1465
1470
2511
1391
2511
2588
685
720
913
1391
2588
720
758
913
223
758
223
913
914
1434
1969
2479
914
1132
1012
1434
758
1012
1016
1434
1459
1012
1470
1016
1203
2347
2347
2326
2347
2346
2347
935
962
2326
11
962
11
962
11
962
1635
1423
1635
1635
1974
1635
2223
1635
2136
2223
11
1635
1637
2223
11
1635
1888
141
911
1438
1888
141
1245
974
1245
974
1498
57
815
1207
1245
1498
1885
2605
1057
2319
2605
1009
1057
2319
229
361
1009
2319
2605
229
361
1006
1009
1026
1057
1366
2318
2448
2485
2605
2618
1009
1366
2318
2319
2485
2486
1366
2319
2618
1006
1366
2318
2319
361
1006
1007
1057
1366
2319
1007
1366
1956
2318
2155
2284
2284
2284
2284
620
2284
1795
2447
1235
2447
1235
2324
604
614
620
625
953
2250
2260
2261
2264
2265
2272
2273
2293
2294
36
958
2264
2265
2272
2292
2294
1841
2292
36
960
2292
36
959
956
957
958
959
960
36
956
193
902
902
292
780
1477
1477
1815
1477
1815
2640
919
1815
1896
2640
919
924
926
930
13
924
935
13
484
917
926
935
1133
1496
2670
917
930
1477
1478
1299
1478
1496
1299
1300
1806
925
1299
1300
1813
945
962
1299
1300
1440
1145
1440
1145
1440
1440
2159
1101
1245
2159
1101
2069
2410
2067
2069
2410
1376
586
1376
151
354
586
2351
1765
2350
2351
2352
932
1110
2352
932
1110
2352
35
36
2352
415
932
2352
185
415
932
415
932
1773
2453
2453
2468
1108
966
1324
1091
1324
1569
1786
982
1569
980
1569
266
438
980
1068
1091
1570
1634
1786
1270
1634
2187
1270
2207
1270
2468
1270
2434
2469
392
2434
1270
1465
1582
1908
2213
1334
1908
1465
1644
264
1908
1016
1465
1016
1270
1908
2456
2457
2517
2518
734
2457
2461
2518
734
735
2517
734
735
736
2461
2515
2518
1799
1536
1570
1571
1799
1370
1467
1799
2588
1370
1467
1128
1370
1582
2588
1571
1653
1732
1850
2376
1115
1214
1613
1653
2376
352
467
1115
1564
1575
1613
1732
1757
1848
2421
2028
2345
2421
722
744
2028
2413
2421
744
2521
230
722
747
2029
2363
2554
1162
1656
2363
561
722
749
1162
2554
1608
1746
2363
1258
1608
1622
559
1257
1622
1257
1258
1622
1730
2017
459
559
1257
1258
1608
1623
2017
206
1365
1365
1006
1365
208
208
387
422
1306
328
1006
1009
1026
1365
2319
2485
2605
1039
210
2595
198
1216
2595
1788
1421
1787
1788
1072
1421
1787
210
379
731
850
1080
1088
1289
2364
2628
281
937
1289
2628
897
1289
2364
2365
2367
270
156
270
1310
1310
1945
109
1310
446
446
1700
35
270
892
1167
1213
1650
1678
1848
1946
2347
2463
2540
2655
1167
1214
1678
1835
2463
1214
2463
1572
221
221
204
221
1697
471
1697
204
892
1213
1214
1390
1697
892
1214
11
11
11
1657
1657
1950
11
1610
2608
1147
2608
1296
1298
1610
11
267
924
925
927
945
1101
1133
1422
1495
1896
2363
2389
2392
2667
924
1422
1495
2262
495
495
1340
1419
1117
1340
1419
2022
266
495
1068
1419
2022
1419
495
1201
1340
1686
2022
1686
2128
656
1686
1686
2032
1686
2550
949
1686
1998
1686
1861
1864
1904
2108
1562
1864
20
1424
1864
2654
1294
1549
1864
2435
1294
1504
1834
1646
1834
1834
2496
1630
1638
1834
2545
1630
1638
1639
1629
1635
2545
1635
2606
2607
1715
2606
1975
2407
2512
2606
2086
2087
2512
524
1408
2086
2339
2512
395
2589
915
2589
2590
702
2589
2590
1374
2590
1374
1431
2590
650
2590
915
2604
881
1798
2590
2604
881
1034
1146
2437
2590
978
1034
2590
2622
1034
2074
2622
1844
1032
1844
2268
1289
2268
1289
2160
2177
1563
2177
1295
2167
2177
1032
1744
2286
2287
2286
621
2286
621
1096
2251
2287
1096
2005
619
621
1032
1096
2256
2293
87
87
1981
1981
2106
531
1981
2106
2186
306
531
538
1846
2106
2688
2688
2123
2688
1933
1931
1932
1933
1082
1931
1932
1933
1934
1082
1312
1931
1962
1966
1991
475
1637
1679
1962
475
1963
1964
1629
1962
1964
1965
2226
1629
1762
1964
475
1762
2226
1318
1642
1762
2559
1027
1642
2242
1027
2242
2611
1027
2244
2596
345
2244
2245
345
1210
1408
2245
1022
1408
2245
2690
1022
1683
1408
1454
1455
307
370
1455
1412
241
1272
1272
1862
1903
2612
1862
1903
1904
1905
2612
1456
1690
2612
1456
1690
2612
949
1686
2612
795
842
1686
1690
1342
1686
1843
2049
244
1215
1215
1896
13
1896
13
927
1896
927
1101
1896
2666
13
174
455
761
1101
1116
1180
1308
1319
1442
1635
1760
1763
1909
1989
2223
2229
2230
2236
2441
2586
464
1638
2230
464
1893
1894
1894
127
422
464
1247
1638
1712
1857
1217
1857
1175
1712
116
1175
1462
1712
2591
1461
1481
1712
2223
2591
2383
62
1236
2383
2384
59
62
1554
1599
2383
59
62
1124
59
1124
1599
1697
2385
1242
1088
1242
1579
250
1088
2639
1426
1539
1579
754
2247
2639
1088
1169
1765
2237
2238
2573
1169
2238
1708
1765
1766
1608
1706
1708
1608
1706
1708
1874
1849
324
1849
258
258
1818
962
1494
1818
697
962
320
962
962
2133
2136
1266
1483
2136
1266
1395
1635
1686
1278
1635
1686
2223
306
1635
1686
2559
2571
265
336
1362
1361
276
463
68
231
463
1267
231
1028
1267
1631
68
69
1592
1595
1661
67
69
1266
1592
1595
1604
67
68
1448
1595
1604
67
68
69
1260
1263
1593
2431
33
68
69
786
1260
1890
2525
2526
969
1263
1264
1593
1595
1604
1264
2467
1264
2467
1264
1269
1277
2467
150
1269
1593
1269
1276
1513
1739
2650
1276
1802
1074
1074
1180
1627
884
1627
1761
884
885
1761
437
1185
287
289
1369
1315
1369
1369
1420
2323
1420
2323
130
860
1369
1420
1154
1154
1693
2138
753
1693
753
2282
753
964
753
893
964
977
753
893
301
305
305
305
748
2585
1627
1880
2585
2586
1627
1880
2585
2586
212
305
890
1053
1580
799
1701
1701
1899
330
1701
2611
1269
2332
2611
889
890
1413
1887
2654
1887
2097
1694
1538
1169
1538
1643
2436
1461
1643
1711
1712
1603
1712
1880
2427
942
1880
2346
209
1726
1880
2585
303
1726
29
1016
1726
29
1016
1447
382
1029
1447
1880
403
775
1029
1451
52
53
138
378
403
775
1029
1583
1726
1753
1884
1950
132
1627
1950
1348
1504
1698
1884
1268
1698
38
1348
1349
1350
38
90
1348
1350
38
90
1348
1349
90
454
1307
1348
1349
1350
1802
2600
1523
2177
2600
57
753
1466
1879
2177
2600
753
1671
2177
753
1293
1294
1295
2177
753
1295
2167
2177
753
1197
2174
2177
753
1537
1864
2167
2177
2178
2183
2184
892
977
1214
2178
2184
957
1214
1554
921
1214
1554
1632
2185
1900
997
1819
1900
996
997
1141
1176
996
997
1141
1176
1254
1488
1552
997
1353
1560
1634
1901
2628
548
910
1353
2628
1353
2514
133
2628
1425
1588
1634
2139
1425
1588
1634
2139
1425
1588
1634
2139
1425
1476
1634
1643
2139
1425
1476
1538
1634
1635
1745
401
1194
1635
1745
1195
1745
401
1195
1426
1194
1425
1426
1634
1693
2139
2685
774
790
875
1426
1476
1634
2139
2685
56
774
790
875
962
1069
1589
1643
2139
2559
699
962
1588
1643
1720
962
2326
2493
2559
2600
2698
2063
2063
2113
2063
2112
1561
2057
2106
2112
2113
2192
739
1352
1686
2063
2102
2105
2105
449
1344
2105
449
1344
1345
1344
1345
1344
1345
58
1344
1345
1105
797
163
138
163
138
1175
163
714
1492
163
520
1492
2089
2343
714
1273
1336
1894
2524
2162
2524
569
2524
809
347
441
67
809
1236
1600
1719
2623
64
570
2522
2623
49
1230
1236
2522
2623
49
570
1225
557
570
1225
1719
2383
2385
1719
2083
2522
1087
1719
2084
2522
893
1087
893
1233
1778
2083
2178
1250
650
1249
1250
313
1249
1250
1251
313
568
1249
1250
568
650
1251
1431
677
1373
1431
313
1373
1374
2344
1785
677
881
915
1192
1373
2074
2437
2589
978
2074
2589
978
2074
389
391
122
2147
397
103
122
759
768
773
800
1256
1554
1634
1756
1757
1758
1775
1835
1919
1920
2350
1171
1919
1920
1171
1172
1173
2243
2239
2243
962
1171
2239
1171
1221
2177
2239
753
1499
2177
2243
2615
648
1722
869
429
1699
534
1686
1699
2130
534
949
2130
124
949
1686
1804
1998
2035
201
949
1804
1997
1998
1999
2035
2200
118
191
949
961
1998
1999
2241
2566
1728
357
1728
137
610
108
74
448
2078
298
1588
2078
298
2602
2602
1069
1871
2602
1069
2076
1557
1558
1686
2602
1556
1557
1558
1686
2602
131
1892
1892
1940
2240
1818
1892
2375
723
1420
1713
1818
197
1420
1420
1492
1635
1280
1635
1975
11
1635
2150
11
174
1280
1611
1635
1764
2608
11
1635
1641
1761
1791
2343
1713
1791
2223
1713
1791
2223
1713
1791
2223
1713
1791
2223
458
1601
1002
111
111
461
111
461
1911
111
461
795
842
1272
1363
1770
2614
1910
112
2478
1218
1217
1218
1219
1059
1214
1217
893
1171
1214
893
1109
1244
1411
2480
1078
1074
1075
1078
1079
1075
2229
86
1079
1955
86
1078
1610
2090
2434
117
2434
980
981
2175
2434
753
1533
2175
293
753
1293
1533
1768
1864
2177
2635
1097
1402
1519
2177
2635
414
1519
1534
1864
2177
1164
1519
1534
2177
2505
180
414
2505
180
893
1864
2177
2178
2628
180
753
893
2174
2184
483
510
2410
375
2069
2410
308
375
927
1101
1815
2067
2410
308
375
1724
2067
2068
2069
2369
2228
2369
1005
2228
1004
1005
1142
1004
1851
299
1142
1851
516
2099
1153
2075
2099
2583
1153
1666
1153
1769
1094
1666
1686
2107
2583
2697
541
541
2116
2117
2117
2118
849
2117
541
849
1982
2100
2118
2342
2653
2100
2117
2120
1052
2115
2117
2341
1052
2101
2114
2115
2117
2193
529
536
2101
1052
1401
1686
1690
1699
1401
1690
1863
27
173
1686
1809
1863
27
173
235
1699
1863
1754
1863
1863
2156
2157
1317
1738
2148
2156
562
1317
1847
563
1847
563
933
1134
933
1134
1138
1140
712
854
933
1134
1286
1585
1286
1585
1286
1585
2020
543
545
1692
1441
1692
371
1476
1634
1692
653
1634
2329
2328
2329
653
2328
556
1737
858
2694
125
2403
1383
1385
1386
2403
880
1383
1385
1386
1385
1386
2051
1384
1385
1386
2051
880
1383
1384
1385
2051
880
1383
1384
1386
2051
2403
571
572
573
2188
1567
2202
2201
1612
1612
2222
2683
1612
2222
2609
1612
1793
2218
588
1612
1793
2217
2218
588
767
1353
1792
1793
2217
2218
2219
2222
2224
2225
2683
1612
1793
2225
2609
2683
1612
1792
2222
2224
2225
2609
1612
1792
2222
2221
2220
601
2269
2269
1624
2269
1624
1774
1774
2470
1
1624
1
43
44
249
1255
44
249
1254
1687
249
1687
2373
1016
1996
2373
309
1016
44
167
487
618
975
976
1033
1125
1131
1587
1600
1621
1778
1816
1937
2001
2255
627
2003
2003
2006
2006
2007
1096
2003
2004
2007
2008
1096
2006
2008
1096
2004
2006
2011
2299
489
2011
2014
490
622
2014
490
491
2014
226
621
622
861
1744
2255
2631
1149
1744
1149
2283
608
1149
619
1149
1152
609
1049
1149
1152
864
634
832
864
1052
634
864
1686
1926
2304
2613
634
832
864
1548
1686
2049
2300
2301
2304
2307
2308
632
1926
2300
2303
2307
1925
1926
2300
1925
1926
2300
2305
635
700
657
659
2538
1830
2538
445
941
951
952
1830
2405
2538
2386
686
687
419
703
704
140
2621
710
712
2471
1941
687
1571
1775
1972
2377
1125
1554
1653
2377
1122
1125
1554
1634
467
1653
1733
2376
2377
2522
1122
1778
1970
2374
1228
1778
1778
1971
1123
1125
1778
1971
2450
873
1125
1227
1778
1967
2447
2448
1994
2446
2448
706
708
1235
1956
1967
1994
2324
2446
2448
2449
725
726
1327
1327
741
402
402
1662
2534
402
1662
2530
2532
2534
402
1662
1663
2530
2531
2532
2533
2684
402
443
1663
2531
2532
2533
2534
2684
443
563
937
1139
746
2553
2552
750
158
158
367
1085
99
158
1043
46
158
351
377
824
918
927
928
1106
1112
1339
1540
1541
1542
1543
1591
1628
1825
1885
1896
1922
2333
2655
1540
2185
2655
1161
1947
2185
149
721
923
1922
1947
2333
2363
2546
436
1222
2380
2546
1259
2380
1171
1993
2243
2546
990
1171
2169
990
2509
2510
2458
1972
1287
1288
1972
482
482
1295
1177
1805
1287
1311
1312
1559
1610
240
2680
1360
1528
2680
498
1360
1528
2369
1418
1528
142
1528
498
848
1118
1343
1082
1118
1178
1343
848
1118
1178
1585
409
1178
1118
1286
1343
1594
1774
1931
2019
2020
2564
1286
1585
2019
410
1286
1505
1585
1932
1933
1963
410
424
547
1480
1505
1742
1931
1933
1934
410
1179
1505
1742
1931
1932
1934
1480
1891
1932
1933
778
1548
778
1047
2038
2693
3
778
856
1047
1666
2699
856
1369
2127
2628
364
1126
2628
1016
2627
2628
1016
1354
1016
2477
211
239
1016
1189
1048
1049
1048
1605
2466
2467
835
2467
822
834
835
1260
5
799
835
1159
1304
1593
1597
1750
2467
2561
5
150
1593
203
426
969
1593
203
426
970
1260
969
970
969
970
150
970
1260
1263
1269
1595
2561
2562
142
150
822
834
835
1269
1277
2253
100
336
2253
2611
2668
1070
1344
1686
2611
1344
1868
1982
2193
449
1982
31
449
1407
1982
449
1686
1982
2340
2342
2687
31
1686
2039
2340
214
540
1686
468
499
1686
1578
1686
2263
1578
2263
285
499
510
566
841
1413
1686
1868
1982
2039
2610
1686
2027
2610
566
1052
1686
1982
2036
2115
2341
2583
537
2036
2137
2230
2341
894
1738
1981
2036
58
894
1981
2163
2652
492
2163
165
2163
165
1323
2016
2652
57
1408
2163
16
37
57
201
243
300
413
1445
1891
1985
2239
201
453
243
290
1358
201
290
324
1311
1559
1565
1963
324
337
1312
1559
1565
324
1311
1312
1610
2524
1311
1312
1610
1778
2524
1778
2445
1226
1778
1943
2445
2447
708
1125
1226
2445
1226
1778
1956
2464
1943
2464
1227
2464
1235
2446
2464
1232
1778
2324
2446
2447
2464
1778
1942
1943
1944
1405
1778
1943
1944
706
873
1405
1778
1942
1405
1942
873
874
1227
1778
2446
2448
2
2492
1346
1934
2492
954
955
200
955
200
954
7
260
752
929
1529
189
260
921
923
928
929
8
918
923
929
918
921
2159
367
925
935
2159
916
925
925
926
935
1085
1299
1300
388
926
1085
1299
1300
1339
944
1299
1300
1339
2670
484
1300
388
917
925
930
1299
1300
1321
1322
1098
1099
1098
1099
261
698
1099
261
698
1098
1959
2473
1958
1959
1960
115
1959
1960
115
1958
115
262
1958
2473
262
1959
1415
2080
286
2080
1617
2415
753
2179
128
753
753
1393
753
1293
1519
2169
2177
1519
2177
2205
1086
1550
1041
2641
1309
2459
882
2459
2565
497
882
2409
882
962
1210
1309
1408
1581
2418
2459
2646
962
2409
2418
2459
962
1381
1382
1408
524
962
1408
2087
1352
2096
1196
1239
1352
1453
2136
1239
1275
1344
1686
1809
1344
1686
2094
2653
1982
2340
2342
2653
278
1925
1982
2340
2342
2653
30
278
1810
1902
30
1181
1182
1809
643
1181
1094
1182
641
1240
1809
1863
642
1240
1272
1809
2321
29
1489
29
766
766
984
29
245
539
766
1220
1686
787
1686
2411
984
1396
1420
1647
1787
2681
1396
2681
1420
1647
271
666
1420
1787
1271
1396
1647
1835
2452
1271
1420
1835
2452
2681
1271
1835
2681
2682
989
990
991
1271
1420
1799
1234
1236
394
453
477
478
1234
1124
1231
1236
1919
2385
177
368
478
1164
1202
1649
2672
1163
1164
2672
1163
1164
1202
788
827
986
1163
1202
1649
1710
2177
2672
1510
1519
2177
2204
1519
2175
2675
2679
1372
1532
1834
1864
2175
2194
2195
859
2194
2195
575
859
2195
2196
575
2194
2196
2194
2196
10
813
935
1089
1390
2414
1390
1879
2362
1022
1023
2362
576
808
1022
1024
1197
2362
2258
2259
607
2259
607
2258
2264
2276
623
624
628
2264
2266
2276
2292
623
2257
2296
2297
2257
2285
2297
2257
2285
2296
2257
2281
2285
2291
615
2281
12
15
1030
1380
2487
2595
965
1030
1058
1332
1380
2288
1058
1276
1380
1725
2690
2310
2311
637
2310
2311
636
637
2309
2311
636
2309
2310
2309
2310
27
75
125
567
857
2539
2540
1882
2539
1705
2539
1705
2539
1705
2539
2631
990
1705
1062
2320
2186
2320
75
1268
2186
559
1268
1401
2121
2186
1316
2026
2042
2121
1199
2321
642
1199
1062
1199
1686
1809
1863
461
1198
1199
1686
1809
2612
1686
2036
2041
2103
2379
2382
679
2382
679
2379
1576
2401
1576
1634
1708
1920
2213
61
1230
59
61
64
49
59
60
60
61
62
64
1124
1599
1697
59
60
467
693
2347
570
693
1717
1367
2423
1367
1463
1367
1463
1465
1463
1465
1514
1152
2451
1152
2451
1533
2174
893
1533
1537
368
893
1163
1164
225
893
1497
2393
1557
1558
1557
1686
2541
2602
517
837
1557
1686
2541
2602
517
837
1556
1558
1686
2541
2602
517
1556
1557
1558
2076
2077
2078
2541
933
1686
2154
2439
2563
1237
2439
2601
1237
2601
1005
1316
2551
2563
1316
1982
1983
2687
1237
1268
1869
2104
2106
1866
1867
1868
1869
2341
1174
1268
1690
1863
2583
1268
2105
2109
2110
2601
2611
1237
2109
2110
2611
355
1329
1330
2611
1329
1330
1658
355
1658
355
1658
2440
2058
2125
58
2058
2125
58
2058
58
889
1981
2058
889
1981
2058
2060
58
889
1981
2058
2060
58
889
1981
2058
2063
31
58
1686
2060
1789
1790
1155
2404
1155
1156
2405
951
1155
1156
2405
951
1612
2405
82
189
554
581
1258
1606
1607
1608
1717
1839
2396
42
554
1607
1608
2396
42
918
923
929
1608
1608
1706
1708
1708
1919
1920
992
1708
1756
1920
2377
2383
1071
2626
123
989
988
989
990
123
984
988
990
123
984
989
1158
1327
1703
1799
1618
1702
1703
1704
2631
432
639
705
829
1420
1618
1702
1704
1937
2540
2631
962
1016
2015
2373
2631
474
962
962
1348
1624
1280
1348
1421
1624
2334
2619
1331
2334
2619
297
2334
1857
1877
2333
2334
594
1246
1688
1857
2619
2695
793
998
793
995
997
998
1046
793
995
997
999
1957
998
999
1957
328
1009
995
1957
224
998
1046
1634
1957
43
399
998
1900
1901
1957
43
399
1050
43
399
2402
2497
43
1459
1659
2402
1921
2402
913
1552
1659
43
114
136
224
399
443
934
1544
372
934
1634
1634
1686
2555
224
630
936
996
2632
1566
2317
1076
2317
1076
1566
227
373
227
373
786
848
1119
1178
1343
1585
660
865
660
865
941
2405
350
952
2337
2405
445
767
865
952
2337
2404
2405
2538
445
909
951
1457
1834
2337
2404
2405
445
951
952
1457
2405
861
1166
1634
2405
861
2267
164
1420
1634
126
1420
1474
338
1474
1420
1421
1788
2628
97
1421
1788
286
1415
2628
97
126
301
731
754
1677
2628
146
1372
1016
1372
1574
2037
1574
2206
1292
2206
1292
2206
2210
1292
2033
1292
2207
2582
2665
557
947
496
1724
359
496
1627
1724
2409
1627
1724
2409
2646
440
1673
440
1672
1673
1674
1325
1672
1673
1674
2625
440
1325
1672
1674
2603
2625
272
435
1507
1858
254
818
1387
1858
2215
168
254
378
1297
1298
1387
1753
2215
825
2408
825
853
1068
2408
982
983
984
990
2408
752
831
982
1716
2481
2676
831
2481
2676
831
2481
2676
1533
2242
2481
2676
1100
1725
2242
2611
8
1171
2027
2156
2611
8
189
260
918
181
189
260
646
662
918
935
1746
1947
2363
181
923
935
1746
1923
2363
14
99
181
646
917
923
925
927
1093
1101
1113
1135
1299
1300
1496
1896
1947
2159
2326
2363
2389
1101
1369
2651
1290
2235
314
808
808
1672
2483
247
304
1672
166
247
304
320
346
440
808
1248
1673
1674
1721
2483
2603
2625
110
166
320
346
1674
2603
116
2085
319
1463
1368
1463
1465
724
1367
1368
1463
1465
1367
1463
1465
1465
1984
2378
1984
2070
2378
1984
2070
2377
2378
514
587
1465
2378
135
514
587
986
2176
987
1781
2173
2174
2176
753
986
987
2177
2628
753
1864
2174
2181
2611
940
1301
812
964
1301
2558
2674
237
762
2288
2674
237
1379
1735
1736
2245
1020
2567
1019
1020
1025
1686
1018
1019
2544
2567
1017
1018
1019
1017
1018
1568
633
1472
632
633
676
2304
442
1897
442
1873
442
1626
1629
1631
1635
1640
1889
2706
1465
1889
2706
585
1465
585
1463
1465
1463
1465
1771
2211
1465
2055
2056
2705
1367
1465
2055
2056
2705
1367
1368
1465
2054
684
1367
1465
2054
2707
412
1104
79
1104
1736
39
79
39
56
79
1635
2136
11
1294
1635
1760
2223
962
1432
2223
962
1296
1297
321
962
1761
886
1501
1761
0
962
1208
1408
1885
2071
2414
516
1207
1408
1439
1875
1885
921
1207
1208
1461
1825
1922
2071
897
1025
107
342
617
1485
919
1133
1711
2050
829
2050
107
1037
1596
1822
1864
2572
2627
1359
1493
1596
1951
311
1359
1951
1953
381
1359
1493
1684
1952
2600
1358
1684
1951
1952
257
1025
1168
1583
1684
1951
2600
129
1168
1918
1952
2362
2600
56
1627
2362
2493
56
1195
1476
2139
2524
56
88
141
157
161
170
183
187
202
225
246
248
251
277
279
283
334
358
362
398
436
450
508
546
550
577
940
949
964
986
1003
1035
1039
1097
1128
1164
1252
1265
1293
1295
1335
1393
1402
1507
1508
1515
1519
1530
1532
1562
1573
1574
1694
1701
1741
1781
1836
1864
1993
2079
2129
2164
2166
2167
2173
2176
2178
2179
2183
2184
2204
2205
2209
2356
2480
2505
2611
2635
334
546
2205
284
334
450
1364
2688
2696
535
891
31
285
889
890
891
31
566
2530
31
537
850
1052
1407
1551
1686
1867
1868
2062
2115
2117
2137
2340
2341
393
1686
1690
1783
2037
2152
2439
2530
1686
2472
2530
968
1516
1686
1846
494
1516
2312
186
511
841
851
1432
1518
1738
1981
2057
2058
2059
2064
895
1518
1981
509
511
891
1413
2057
2059
509
841
2059
58
509
511
851
852
1981
2057
2059
2064
76
1082
476
1082
1963
485
1439
17
2348
2348
2349
2555
76
146
201
252
290
315
349
387
410
848
1039
1281
1780
1906
1963
1966
269
1281
753
1039
1678
1719
1768
2167
940
1522
1678
2167
2177
2178
2179
2183
1244
1697
1719
1733
2463
680
2384
481
758
723
758
760
723
1095
1136
114
316
481
1139
1488
1096
2009
612
1096
1096
2002
1096
1937
2290
612
1744
1841
2002
2003
2005
2006
2007
2009
2286
2052
2053
1463
1465
2052
2053
2705
1463
1465
2052
2053
2054
2055
529
536
529
536
1551
529
536
1416
1686
1983
2036
2116
2123
1461
1603
1686
1973
2591
2592
101
138
331
1486
1973
2591
2592
331
937
1175
1712
1973
1063
1064
1065
1066
1063
1064
1065
1066
1063
1064
1065
1670
1064
1065
1670
85
1063
1064
1065
2462
96
386
1063
1064
1065
85
96
386
1063
1065
1066
1670
2462
851
852
1038
2630
275
400
1038
1979
2588
2630
1979
2198
2511
1979
2198
2199
2511
147
259
259
1851
1927
2550
95
238
1664
1686
1927
287
427
1686
2065
2092
2123
376
1422
13
376
945
1422
13
376
388
1101
2389
13
376
1495
2135
2262
263
1101
2135
921
930
1101
1112
1813
263
332
663
779
1101
1389
1530
1856
1857
2348
2370
2635
2695
73
442
640
1760
2370
640
839
2428
73
205
218
219
976
1103
1437
1638
1912
2428
233
1437
1641
466
1148
1638
1641
2141
641
644
1615
2360
1615
2359
1624
1634
2359
2360
804
1524
1624
804
805
909
1680
2643
909
1525
2643
909
1061
2643
2659
943
2628
2639
2659
943
1180
1711
2428
673
2364
673
1399
2160
673
1399
1436
2365
2628
213
667
1436
2237
167
2450
1114
1229
1587
2450
134
603
1114
1226
1227
1229
1587
1620
1621
1970
2255
694
1367
1367
1463
2424
1367
1463
2054
2424
1367
1463
1465
2054
2424
1367
1388
1463
1465
2054
2422
2425
671
1291
1367
1388
1465
2424
2425
2705
2707
1291
1367
2054
756
1367
1502
1502
1503
1698
2630
4
1698
1782
2143
4
41
245
340
533
1186
1220
1711
1782
1834
2144
2145
2199
2373
900
901
1135
1834
533
1237
1424
1730
2105
2186
2381
411
690
2381
41
647
748
1686
2186
647
1135
1140
1404
2591
1137
1140
1430
1140
1141
1289
1662
2649
565
1135
1137
1139
1774
2050
1330
2050
71
99
1813
2050
2159
71
1093
2133
696
2073
2133
23
71
148
1060
148
470
903
1499
1714
88
93
174
1499
1713
1714
88
128
148
149
157
187
246
293
362
368
371
404
479
940
964
977
1021
1243
1252
1372
1508
1516
1519
1522
1530
1532
1671
1741
1768
1836
1993
2079
2166
2170
2174
2183
2282
2482
2505
2558
2635
2696
515
1499
2182
2183
157
187
1295
2177
2482
876
1161
713
2656
143
2491
143
2491
2489
2490
2491
143
2489
2490
1676
1677
2624
162
325
325
1612
1900
1987
2628
588
1612
2224
592
1612
1793
2224
1793
2217
2224
757
2581
1270
2577
2578
2581
1270
2576
2578
2581
1270
2576
2577
2581
915
1798
80
1629
1056
1073
1629
1794
454
651
1073
1629
1794
454
1073
1794
1826
2226
92
692
1414
2703
1414
1477
1814
2069
2703
922
1085
1414
1814
1815
81
1428
9
10
1408
14
322
1408
0
9
14
155
322
412
1207
1394
1581
2244
946
1469
1470
296
1435
1469
1470
1675
2706
296
1470
1471
1979
1470
1652
1837
1470
1471
1652
1837
1979
197
405
1470
1471
1675
1979
195
197
275
296
364
417
447
685
1126
1435
1469
1471
1675
1889
1979
2081
2706
195
296
364
405
417
447
684
1038
1435
1469
1470
1675
2511
2630
2706
400
684
1012
1465
2408
2508
2511
400
1012
1465
734
735
736
1270
1465
1492
727
734
735
1187
1188
1665
1187
1302
1686
2411
832
1005
1665
1686
2302
95
832
870
1665
2082
2114
2555
1293
1511
1549
454
1348
1794
454
1629
1763
1794
2327
40
1348
1636
1668
1711
2628
1169
1170
1633
2628
1170
1579
1633
2238
933
944
1711
1881
1882
2440
1368
1463
2494
645
671
724
1367
1463
1465
2494
589
671
683
694
755
1291
1368
1388
1463
2053
2054
2422
2423
2424
2425
2494
2574
2707
1462
1491
1494
1598
2427
154
1491
1494
2516
1491
1635
1637
1638
1909
2606
237
598
1638
1717
1762
2686
2692
1642
1679
1717
1763
1965
2692
475
1056
1281
1707
1965
50
1143
1461
1929
1326
1461
1462
348
921
1461
921
1107
1543
921
1106
1107
1106
1112
1543
1120
1121
1403
792
1121
1403
792
1120
1403
792
1120
1121
1148
1280
1601
1637
2372
705
1462
1912
2372
1028
1267
1631
10
14
377
672
705
813
819
1228
1348
1484
1485
1504
1800
2333
2463
2559
2570
253
443
1348
352
443
866
867
1068
1404
1420
1436
1789
2267
2356
670
866
867
2354
2356
2357
2358
2367
220
327
2701
327
907
1017
2544
2567
2701
408
1017
1020
2544
327
408
907
1019
1275
1568
2701
306
1238
1275
388
1872
2703
13
925
1872
1896
2363
329
373
1118
222
1130
2474
222
716
1129
2475
2477
228
423
1440
196
228
423
945
1145
1299
1743
1896
921
1107
1339
1896
13
267
921
935
1896
2069
2159
2363
2523
19
945
1331
1422
2159
19
912
1318
1657
674
1318
1589
1840
1855
239
480
1044
239
1016
1779
638
939
1016
1379
638
939
1270
638
939
1270
1016
1270
2456
2461
2518
2456
2457
2460
2461
290
1016
1036
1634
1667
1634
1664
2556
2557
1257
1258
1623
1258
1328
1622
1643
525
559
879
950
1328
1622
2017
696
1058
1100
696
1986
2133
77
1092
1725
1986
2073
77
196
420
454
455
507
549
714
717
1025
1113
1207
1246
1298
1432
1479
1527
1588
1589
1845
1864
1961
1974
1989
1996
2086
2236
2334
2407
2409
2586
2587
2646
2698
38
428
651
962
1056
1073
1504
1711
1794
2327
428
454
651
1056
1073
1826
2327
454
1056
1629
1794
1826
2244
2327
184
409
1528
184
1528
2704
184
409
1259
1360
2178
2466
2680
479
753
1864
2164
2177
2178
248
753
1864
2164
2165
2177
753
940
1003
1519
1526
2167
2177
2184
170
246
284
940
977
1003
1295
1507
2177
2183
2184
2688
91
160
810
160
810
1026
1928
1930
2319
472
1006
1956
2319
2485
46
921
1542
365
1714
1791
668
1420
1791
668
670
2160
2248
2357
668
866
867
2160
2248
2358
666
668
670
866
867
2160
667
669
731
866
867
1824
1852
2364
2367
2416
230
974
1825
190
836
974
1208
1590
2395
190
927
928
935
944
1461
1496
1542
1743
2135
434
1461
1482
434
593
595
596
688
976
1279
2545
1103
1279
1619
1620
1929
63
139
975
1031
1619
1620
1621
1695
1816
1841
2001
2539
639
1214
2539
1131
1214
1833
1484
1833
1834
1835
1632
1835
1923
2655
356
1459
1552
1153
1157
1578
611
1578
1660
611
1660
1686
1769
2263
2563
502
1948
2030
2563
2583
129
311
381
6
38
39
57
79
129
381
1168
1493
1583
1694
1836
1879
1918
1951
1953
2088
2587
2617
1210
1305
1394
1879
1915
1347
1408
1914
1915
2559
155
696
1347
1408
1627
1915
1916
2559
77
155
194
231
306
2388
2595
2599
0
1148
1394
2334
2595
0
47
155
175
205
232
307
359
387
412
492
826
1022
1024
1089
1207
1323
1382
1479
1725
1912
1914
1915
1916
2071
2086
2087
2245
2407
2409
2459
232
1067
1914
1915
1916
2339
2493
2559
506
1926
2308
1548
1686
1926
2049
2613
503
1686
2033
2044
564
1686
1809
2322
278
1270
1690
1863
1924
2322
291
420
854
1282
1615
1680
1690
1863
2370
2399
104
271
979
1676
1788
2370
104
979
1055
1421
1676
104
271
1072
1271
1369
1420
551
552
553
1252
1573
2164
45
883
1208
1369
1420
1500
1511
2393
2394
2395
45
102
479
1500
1511
2393
2394
2395
2507
45
242
251
1511
1772
1834
1876
1946
932
1525
1668
1834
784
843
932
1755
1772
354
784
843
957
1270
1755
1765
1766
1784
1576
1634
1765
1849
2629
942
1319
1634
1681
61
1564
1697
1733
2376
204
467
788
1564
1719
2522
59
62
204
467
1244
1954
2463
602
616
1149
616
2252
2273
614
960
1149
2252
2264
2265
616
626
2264
2279
2280
605
2257
2279
623
2257
2280
626
2278
2279
2291
606
614
623
625
629
2254
2264
2265
2266
2285
2291
2294
2296
2297
958
960
2264
2281
2290
42
1606
1608
1839
42
1606
1608
1839
2396
42
1606
1607
1608
1839
42
554
1607
1608
2396
1282
2270
2271
1384
1385
2168
407
599
600
599
600
1437
1723
313
1192
1249
1250
2158
568
650
1250
1251
2158
568
650
1249
1251
1682
2158
493
672
828
1306
1332
1691
1914
1986
2073
152
159
1390
159
232
396
403
775
828
1210
1501
1691
1808
1914
2339
2346
2369
2418
1210
1305
2410
2418
221
1087
1171
1233
1301
1507
1515
1522
1530
1649
1650
1671
1741
1768
2170
2178
2507
1171
1221
1418
1671
2243
801
1097
1671
2528
149
1221
1746
2174
2615
141
149
214
326
479
580
794
893
940
1039
1087
1224
1372
1499
1515
1528
1678
1741
1781
1864
2164
2166
2173
2174
2177
2179
2184
2203
2239
2642
2676
2698
54
415
784
843
1110
1326
1473
1773
1784
2659
295
1204
1205
6
32
341
638
647
876
1270
1377
1822
1852
2314
2315
2316
827
1547
2326
13
22
198
267
827
921
927
935
1112
1133
1440
1857
2392
2523
2667
2695
2703
21
22
1101
2523
2667
302
1406
1807
1827
1091
1137
1139
1774
1827
1949
883
1245
1590
1656
13
196
1299
1440
1495
2135
209
369
817
820
661
817
820
1147
1148
209
232
254
518
678
705
819
844
1000
1347
1348
1390
1453
1588
1720
1914
1915
1916
1990
2142
2190
2215
2334
2339
2587
2692
885
1184
1262
2339
885
1184
1347
1627
2025
2087
2559
131
263
962
1626
1639
2370
2559
11
403
775
962
183
408
962
1035
1348
1493
1790
2173
1073
1348
1711
1736
2414
2415
161
183
753
968
1035
1517
1586
1748
1864
2021
2023
2024
118
191
949
1516
1586
1686
2024
2241
118
191
560
961
1011
1997
1999
2200
2230
2241
2411
2566
51
118
124
191
560
961
1011
1363
1517
1686
1804
1997
1999
2024
2035
2040
2177
2200
2241
2566
2611
2614
411
840
1770
2153
2300
2308
2614
31
558
1686
1770
2153
2306
2535
2614
63
318
1165
1937
226
975
976
1506
1937
116
194
395
434
976
1147
318
333
711
1646
1834
1835
1923
2406
2465
119
333
613
711
802
1161
1824
1830
1834
2294
2295
2429
604
614
2256
2272
2273
2277
2294
614
615
624
625
628
629
960
1149
2257
2265
2266
2272
2278
2281
2292
2294
625
628
960
1149
2257
2264
2272
86
315
396
1398
86
145
777
2010
2090
2150
11
396
777
1635
1636
1763
2010
218
233
1033
1279
1636
1975
93
94
109
210
216
218
233
274
301
669
670
711
730
731
802
902
910
911
952
972
1033
1090
1151
1161
1574
1646
1648
1698
1732
1755
1773
1824
1833
1876
2391
2406
2416
2419
2501
2659
1355
1356
1357
1359
1008
1010
1366
2486
229
838
1057
1366
2319
277
283
358
1335
2167
2177
2183
2611
310
508
893
1438
1645
2167
2177
362
753
893
1519
1535
2380
2480
157
310
577
1158
1293
1508
2480
88
365
964
1508
2169
2177
1002
1314
1520
1634
2177
1
939
1399
1634
1294
1511
1526
1634
1993
2173
2178
2435
15
436
549
1531
2178
2243
87
120
436
549
893
992
1158
1529
1650
2243
2380
2611
2615
87
550
1171
1531
1993
2239
2380
2615
225
279
550
753
986
1402
1508
1671
2176
2177
2183
2204
2205
2673
279
753
964
1530
2177
2619
43
316
1138
2398
465
473
1211
1554
761
1212
1554
1760
324
761
1079
1297
1559
1565
1764
569
654
1016
1194
1437
1559
1565
1818
2162
2628
25
72
121
151
195
234
245
291
294
301
303
309
334
339
356
382
406
418
521
555
580
649
654
655
682
684
715
718
732
733
766
796
868
913
1044
1111
1128
1160
1203
1220
1224
1354
1377
1378
1379
1392
1468
1651
1667
1669
1779
1838
1908
1996
2015
2203
2312
2315
2416
2457
2461
2524
2528
2568
2575
2580
2627
2643
2657
2658
2660
2661
2663
2664
339
366
769
1669
166
346
1669
1672
1674
1721
2603
444
1014
1879
2407
144
496
1013
1014
1800
1836
1853
2407
2600
472
1967
2318
2464
707
2324
2444
2449
2464
1232
1994
2445
2449
2464
707
1123
1235
1778
1971
1994
2464
872
873
1123
1226
1778
1971
1994
2444
452
871
873
874
1087
1131
1226
1405
1565
1620
1942
1943
1967
1970
1994
2324
2445
2447
2450
871
1970
2324
2447
487
1114
1621
1970
2324
2447
1032
1125
1620
1621
2001
1032
1618
1705
1996
2539
488
2003
2012
2014
55
457
574
2572
1023
1024
1408
1683
2245
2690
576
1333
1408
2133
2245
2288
282
576
799
1316
1584
1686
2611
393
778
781
830
877
1054
1666
1843
2301
2693
2699
299
486
544
781
830
856
877
1094
1686
2000
2034
2043
2047
2099
2246
2340
2381
58
962
1686
1803
1845
135
514
587
2070
2576
2577
2578
2579
135
275
319
441
585
589
645
671
683
684
1291
1368
1391
1392
1463
1771
1837
2052
2053
2054
2055
2070
2211
2214
2424
2425
2494
2516
2588
2705
902
933
934
935
937
78
935
1113
2587
2691
794
803
1222
2024
2594
695
794
803
1150
1223
1460
1686
111
993
1686
1690
2129
89
186
512
1344
2132
89
186
273
512
1070
1238
1345
1407
1690
1869
2101
2132
380
1662
2531
2532
2534
1053
1686
2039
2471
2532
2534
2684
565
1053
2098
2110
2151
2152
2563
768
773
800
1571
2628
134
425
514
1564
1571
1576
1732
1757
1919
1920
992
1708
1756
1775
1919
2377
35
134
1124
1229
1555
1708
2347
2608
2655
652
748
1053
1686
2575
353
501
564
1276
1317
1487
1686
1690
1738
1847
2026
2036
2131
2137
2550
2611
538
968
1352
1748
1809
2026
353
538
2062
2065
2116
2123
2137
2193
75
542
850
891
2036
2123
2193
25
75
284
334
398
521
577
580
940
962
964
993
1036
1037
1151
1224
1252
1515
1516
1563
1714
2164
2166
2173
2174
2176
2177
2178
2203
2209
2528
2696
85
96
1064
1066
1670
2462
85
96
386
1064
1066
1670
2462
862
2274
2275
2283
2289
273
534
540
729
1344
1690
2130
710
1079
1324
1464
1988
58
540
562
855
895
1316
1686
2092
2093
2097
2129
2149
2156
2611
558
676
791
855
1529
2092
2093
2097
2129
2149
2306
1226
1232
2319
2445
2464
16
1045
1215
1626
2136
11
13
99
190
308
821
924
935
1177
1315
1331
1339
1700
1805
2069
2523
2619
2666
2667
80
839
1635
2343
2344
153
442
519
1308
1313
1964
2343
11
39
80
153
154
174
289
321
463
519
640
823
1148
1180
1195
1281
1308
1426
1442
1453
1641
1648
1759
1760
1761
1763
1874
1909
2223
2229
2230
2236
2343
2388
2599
2606
896
1283
1284
2253
2650
171
335
771
896
1283
2253
771
1283
1696
1749
2467
2633
2668
13
21
1101
1896
2666
131
156
663
1246
1247
1486
1856
1896
2619
2695
1352
2119
2167
2181
2689
88
170
187
246
1041
1393
2167
2177
2432
2480
178
1058
1276
1433
1655
2644
152
689
1058
1153
1206
1453
1686
1803
1938
2563
2700
37
67
68
1261
1337
2564
94
297
598
661
1147
2686
94
297
466
1247
1279
1486
1640
1642
1912
1940
2343
2695
113
145
439
485
888
1279
2247
2524
644
1268
1424
1821
2102
2322
144
155
1347
1466
1808
2587
905
1620
1764
1778
1946
1977
1978
737
738
2497
2500
2501
2519
98
633
691
701
740
814
1094
1157
1686
1769
1843
2044
2082
2307
2411
2420
2571
42
459
559
1328
1608
1622
1623
240
336
896
1284
1696
2253
240
335
336
1283
1284
1285
1286
40
93
439
454
675
1186
1390
40
101
454
943
1348
1484
1636
1689
1698
1881
2050
2244
678
776
783
806
833
1273
1294
105
666
776
783
806
833
1380
1549
1909
2355
42
515
912
1230
1629
1642
1762
42
48
189
451
459
554
561
721
768
773
800
1258
1546
1606
1607
1622
1839
2396
2397
5
255
370
817
820
1196
1266
1455
1686
1739
2564
2644
66
453
590
591
1686
1803
1926
2231
2232
2233
2234
2308
204
977
1225
1236
1733
2083
2084
151
294
305
481
522
638
710
715
939
1203
1377
1401
1651
1822
1908
2173
2188
2210
2214
2314
2316
2352
2386
2457
2461
2516
2568
2576
2577
2578
2656
2657
2663
57
207
312
335
343
384
500
583
584
745
771
845
846
847
1067
1585
1594
1774
1931
2018
2019
2020
2634
11
153
651
1180
1635
1762
2223
11
1067
1183
1635
1940
1998
2565
2687
118
124
949
961
1686
1997
1998
2241
2566
558
791
949
1206
1770
2153
2175
2610
2612
2613
173
562
840
1529
1738
1809
2694
274
578
579
2206
2207
2208
2548
2549
2665
359
1022
1024
1027
1408
1725
2415
196
367
429
917
926
930
935
945
1300
1440
1813
2670
196
429
916
917
926
930
935
1299
1813
2670
13
230
721
923
927
935
1133
1162
1746
1947
38
52
53
90
420
428
456
943
1025
1186
1349
1350
1390
1629
1711
1753
2244
2369
2370
2559
2649
61
78
132
811
1214
1554
1886
130
256
1420
1429
1498
1787
1805
2041
2323
145
524
528
839
1127
2087
2090
145
526
527
528
884
885
886
1262
1501
1635
1878
1909
1974
2089
2090
2513
65
217
1016
1027
1095
1333
1378
2315
2642
134
425
681
1115
1564
1575
1613
1848
106
425
728
731
759
892
1161
1396
1647
1708
1755
1876
2185
2191
2504
2681
109
126
130
154
164
451
599
618
770
860
946
979
984
1071
1072
1271
1273
1289
1369
1396
1498
1787
2235
2248
2323
2355
2539
2637
2682
19
50
101
331
344
377
395
765
1147
1175
1274
1542
1628
1688
1885
2085
2159
2333
116
163
194
233
344
434
456
765
1274
1320
1485
1873
1973
40
94
434
1103
1247
1484
1485
1759
319
585
589
645
683
724
755
1367
1368
1388
1465
1514
1771
2055
2422
2424
2425
2494
2705
774
790
875
1194
1425
1476
1588
2685
92
101
243
284
1579
1588
1589
1623
1688
1720
2584
2685
4
340
1687
1698
1996
2015
2145
2371
45
365
1497
1498
1499
1500
1833
2393
2395
65
140
414
732
1025
1270
1499
1634
1781
1864
2177
2178
161
183
577
1035
1252
1864
2165
2166
2177
2178
2611
323
475
515
581
651
675
912
1073
1148
1348
1679
1717
1759
1796
1826
2327
2417
2607
171
255
973
1267
1304
1584
1739
1751
1
41
95
140
162
199
210
217
272
460
470
480
521
525
592
593
595
649
655
666
757
774
790
868
875
904
995
1068
1111
1136
1229
1378
1425
1426
1476
1499
1569
1582
1615
1657
1693
1701
1708
1758
1775
1844
1852
1900
1908
1972
2173
2188
2248
2328
2426
2454
2555
2557
2568
2627
2636
2637
2657
2661
2685
95
701
740
1047
1686
2099
2114
2693
2697
131
377
705
921
1390
1461
1591
1746
1922
26
29
31
41
95
98
214
273
278
287
299
353
389
393
408
453
463
486
499
504
506
510
517
530
532
538
542
544
560
565
566
590
591
597
633
643
656
690
691
740
742
781
785
814
830
832
841
856
870
877
890
949
968
993
1011
1053
1054
1083
1108
1153
1175
1188
1206
1238
1240
1267
1272
1275
1276
1302
1316
1317
1363
1371
1416
1419
1432
1443
1444
1453
1456
1460
1487
1489
1517
1544
1548
1551
1556
1557
1558
1578
1660
1665
1666
1690
1738
1748
1803
1809
1821
1843
1861
1870
1874
1902
1904
1926
1927
1948
1981
1982
1999
2000
2026
2030
2031
2032
2033
2034
2036
2037
2038
2044
2045
2048
2062
2065
2091
2099
2101
2106
2108
2114
2121
2126
2127
2128
2154
2231
2232
2233
2234
2246
2300
2302
2306
2308
2340
2341
2348
2411
2412
2420
2471
2530
2537
2541
2551
2557
2563
2571
2583
2594
2610
2611
2697
2700
582
821
1683
1800
1808
1917
1953
2566
2690
278
795
842
1053
1070
1316
1344
1401
1456
1624
1686
1863
1904
1924
2381
26
235
1062
1199
1238
1240
1272
1686
1846
2026
2121
2156
26
30
648
1062
1240
1401
1624
1690
1924
2381
2694
147
315
409
1348
1387
1627
2223
2410
2417
58
509
511
739
894
895
1172
1518
1686
2057
2058
2059
2062
2096
2126
11
174
331
776
783
806
823
833
1281
1308
1635
1763
1845
1874
2369
2388
350
445
660
767
865
951
952
1155
1457
1830
1844
2337
2404
141
180
221
277
358
368
1295
1671
2169
2177
49
570
788
827
1115
1564
1710
1733
2083
2084
393
468
499
502
551
565
778
781
830
856
877
1444
1487
1578
1686
1948
2031
2043
2154
2439
2550
2571
2700
56
120
251
273
283
762
949
1003
1128
1159
1171
1237
1276
1314
1316
1460
1529
1573
1574
1658
1686
1696
1738
2129
2164
2177
2179
2288
2601
2696
107
126
133
210
236
292
338
379
417
437
481
548
715
754
770
943
972
979
985
1126
1353
1404
1436
1515
1596
1667
1668
1677
1706
1822
1838
1900
1987
2041
2080
2081
2238
2361
2364
2386
2505
2524
2624
2662
