0
1
2
5
6
8
12
18
23
24
27
28
29
30
34
36
39
42
44
48
49
53
58
61
69
70
75
76
77
79
82
83
85
89
91
97
100
102
104
107
108
110
113
115
117
119
121
123
125
126
127
130
131
134
136
139
145
146
150
151
152
153
154
156
158
160
161
162
164
168
169
171
173
175
180
182
184
186
188
190
193
195
196
198
200
202
204
206
210
212
214
218
219
220
222
225
226
227
228
230
232
234
235
237
239
243
246
249
250
252
254
256
257
260
263
267
271
276
281
285
291
292
293
295
297
299
301
305
306
310
311
313
317
321
323
327
330
332
334
338
341
343
344
345
347
350
352
353
354
355
357
360
362
365
367
368
369
370
371
372
374
375
377
380
384
385
386
388
391
395
399
401
402
406
410
414
418
422
430
432
433
434
435
438
441
446
448
449
450
452
454
456
458
460
462
466
467
472
476
477
478
482
485
490
491
492
494
496
497
498
499
500
501
503
506
508
511
516
520
525
530
534
535
536
537
539
545
546
547
548
549
550
551
552
553
554
555
556
558
562
564
566
568
570
576
577
579
581
584
585
586
588
590
591
594
596
597
602
610
613
614
615
617
621
622
639
641
644
647
650
661
662
663
665
667
670
671
673
675
678
682
684
687
689
690
691
693
695
698
702
705
707
709
711
716
717
718
720
721
724
731
735
739
744
750
754
759
760
763
767
768
769
772
773
776
777
779
785
786
787
789
792
799
802
805
809
814
821
824
828
829
832
833
834
835
839
841
843
849
852
855
859
863
864
865
867
868
869
870
871
872
873
874
875
876
877
878
879
882
887
890
894
895
898
900
902
905
910
914
916
918
921
924
928
929
932
934
936
937
939
940
942
943
948
952
954
957
962
964
966
969
973
977
978
980
982
984
986
989
991
993
996
1000
1008
1009
1013
1015
1018
1022
1024
1025
1027
1029
1032
1036
1040
1041
1043
1046
1050
1055
1057
1060
1062
1067
1069
1074
1075
1077
1080
1082
1084
1086
1089
1092
1096
1097
1102
1104
1105
1108
1112
1116
1121
1123
1126
1129
1132
1135
1137
1138
1139
1140
1143
1147
1148
1150
1152
1153
1154
1155
1156
1157
1158
1159
1160
1161
1162
1163
1165
1166
1169
1170
1172
1177
1179
1181
1182
1183
1186
1188
1190
1192
1195
1197
1202
1206
1211
1214
1216
1217
1221
1223
1226
1233
1234
1235
1236
1237
1240
1241
1243
1246
1248
1249
1253
1256
1261
1266
1267
1268
1269
1271
1272
1273
1274
1276
1279
1282
1284
1287
1290
1293
1296
1297
1300
1302
1305
1310
1311
1316
1321
1325
1336
1337
1339
1341
1344
1345
1348
1350
1352
1354
1355
1358
1359
1364
1367
1368
1370
1372
1374
1379
1382
1383
1386
1388
1391
1395
1399
1403
1409
1411
1413
1415
1417
1419
1421
1423
1428
1432
1437
1442
1444
1446
1451
1454
1457
1460
1464
1468
1472
1473
1474
1477
1482
1487
1492
1495
1498
1500
1506
1508
1512
1513
1515
1516
1519
1522
1525
1528
1530
1532
1534
1537
1538
1540
1542
1544
1547
1555
1558
1562
1567
1571
1575
1577
1579
1582
1583
1585
1588
1590
1591
1592
1593
1594
1596
1598
1602
1605
1608
1611
1614
1619
1623
1627
1636
1639
1645
1650
1652
1657
1660
1664
1665
1666
1669
1672
1675
1676
1678
1681
1683
1684
1685
1686
1687
1689
1691
1693
1695
1700
1703
1707
1712
1713
1714
1715
1718
1720
1721
1726
1730
1733
1734
1737
1739
1742
1745
1748
1753
1757
1761
1765
1769
1773
1775
1777
1778
1782
1785
1792
1793
1794
1795
1796
1797
1800
1803
1806
1809
1812
1816
1823
1828
1831
1833
1838
1840
1841
1845
1851
1855
1857
1859
1860
1861
1865
1869
1879
1880
1883
1887
1888
1889
1890
1891
1892
1893
1895
1897
1899
1901
1903
1908
1910
1913
1916
1920
1921
1923
1926
1932
1939
1942
1946
1950
1953
1955
1957
1958
1960
1964
1968
1969
1972
1975
1979
1980
1987
1989
1991
1997
2000
2001
2004
2005
2006
2007
2013
2018
2023
2025
2031
2035
2042
2048
2049
2050
2051
2052
2053
2055
2057
2061
2064
2065
2066
2067
2068
2069
2070
2073
2075
2078
2079
2083
2085
2087
2089
2091
2093
2095
2099
2103
2108
2111
2116
2120
2124
2126
2131
2134
2138
2142
2144
2145
2148
2151
2153
2163
2167
2170
2174
2177
2180
2184
2186
2188
2193
2194
2196
2199
2201
2204
2208
2209
2210
2212
2214
2215
2219
2221
2223
2225
2227
2230
2235
2241
2245
2249
2254
2256
2257
2258
2259
2260
2261
2264
2267
2270
2274
2276
2278
2279
2280
2283
2286
2290
2293
2296
2299
2301
2304
2305
2307
2308
2310
2311
2313
2314
2317
2321
2324
2328
2332
2333
2335
2337
2338
2339
2340
2341
2342
2343
2344
2346
2347
2349
2351
2354
2356
2359
2363
2367
2372
2375
2378
2381
2385
2386
2387
2388
2389
2393
2398
2400
2401
2404
2407
2410
2412
2414
2418
2421
2426
2429
2434
2439
2443
2448
2449
2451
2454
2458
2462
2465
2468
2470
2473
2477
2478
2479
2484
2487
2491
2494
2496
2497
2498
2499
2501
2504
2506
2507
2509
2512
2513
2514
2516
2517
2520
2523
2524
2526
2527
2532
2534
2537
2539
2542
2545
2548
2553
2557
2562
2565
2569
2574
2578
2579
2582
2585
2587
2590
2593
2596
2599
2603
2610
2612
2616
2619
2622
2625
2626
2627
2628
2629
2633
2638
2643
2647
2651
2654
2658
2662
2668
2671
2679
2684
2688
2689
2690
2691
2692
2695
2698
2701
2704
2705
2708
2713
2719
2724
2726
2730
2734
2737
2740
2745
2748
2750
2751
2756
2758
2760
2765
2767
2769
2770
2771
2773
2775
2778
2780
2782
2785
2787
2789
2791
2794
2798
2800
2801
2805
2806
2807
2809
2811
2817
2818
2821
2824
2829
2841
2847
2850
2854
2860
2862
2864
2865
2866
2867
2868
2869
2871
2872
2873
2875
2877
2891
2898
2900
2903
2905
2910
2912
2913
2914
2915
2916
2917
2918
2920
2923
2927
2931
2934
2942
2946
2949
2952
2956
2961
2963
2965
2967
2970
2973
2976
2977
2979
2983
2987
2990
2993
2996
2999
3002
3006
3008
3009
3010
3011
3015
3017
3019
3027
3030
3032
3034
3037
3039
3044
3046
3048
3050
3052
3059
3063
3066
3071
3072
3073
3077
3081
3083
3085
3087
3092
3097
3106
3107
3110
3115
3117
3123
3126
3131
3134
3137
3140
3145
3152
3153
3154
3155
3157
3158
3162
3170
3171
3172
3173
3176
3177
3180
3183
3192
3196
3198
3201
3202
3205
3207
3209
3210
3211
3212
3225
3230
3232
3233
3234
3235
3238
3240
3246
3248
3249
3250
3252
3254
3257
3259
3262
3277
3281
3282
3285
3289
3294
3295
3300
3302
3304
3306
3308
3311
3316
3318
3322
3326
3329
3331
3333
3337
3340
3343
3346
3348
3352
3355
3360
3361
3362
3365
3368
3370
3373
3375
3377
3381
3386
3390
3393
3394
3397
3399
3402
3404
3407
3411
3412
3414
3418
3420
3426
3427
3429
3431
3433
3435
3441
3442
3444
3445
3448
3453
3459
3463
3466
3471
3474
3477
3481
3484
3485
3487
3490
3493
3494
3497
3501
3503
3506
3509
3510
3511
3512
3516
3521
3524
3527
3530
3534
3538
3539
3540
3542
3544
3547
3551
3572
3575
3578
3579
3582
3586
3588
3590
3595
3600
3601
3605
3610
3613
3618
3619
3622
3625
3628
3631
3637
3639
3642
3645
3648
3649
3650
3652
3653
3654
3655
3658
3660
3662
3665
3668
3672
3676
3681
3682
3683
3684
3685
3686
3687
3691
3692
3695
3700
3706
3711
3718
3726
3732
3734
3736
3740
3743
3748
3750
3751
3754
3757
3760
3761
3762
3763
3764
3765
3767
3770
3772
3776
3777
3780
3782
3784
3786
3790
3792
3793
3794
3795
3798
3802
3806
3810
3811
3812
3813
3815
3818
3821
3826
3828
3829
3830
3834
3838
3842
3845
3849
3851
3854
3857
3861
3865
3877
3880
3884
3886
3890
3894
3898
3906
3909
3915
3918
3923
3927
3931
3939
3944
3947
3952
3953
3956
3960
3967
3973
3977
3979
3981
3985
3989
3993
3998
4004
4008
4010
4013
4020
4028
4038
4043
4049
4050
4052
4054
4059
4060
4066
4067
4070
4071
4073
4075
4077
4080
4081
4082
4083
4085
4087
4090
4095
4100
4102
4104
4105
4106
4107
4108
4113
4117
4122
4125
4131
4134
4138
4140
4145
4146
4149
4153
4157
4161
4164
4167
4168
4169
4177
4180
4182
4183
4184
4185
4186
4187
4188
4204
4207
4211
4213
4216
4220
4225
4226
4227
4228
4229
4230
4234
4237
4243
4251
4259
4260
4262
4263
4264
4265
4266
4267
4268
4271
4273
4274
4277
4279
4283
4288
4289
4290
4293
4296
4300
4302
4305
4308
4311
4318
4324
4327
4330
4333
4336
4337
4338
4339
4340
4342
4344
4345
4353
4354
4355
4356
4357
4360
4363
4366
4371
4372
4376
4378
4381
4386
4388
4392
4395
4403
4408
4413
4418
4421
4427
4432
4433
4434
4435
4438
4445
4452
4454
4456
4459
4461
4464
4465
4466
4470
4472
4474
4480
4481
4484
4486
4488
4495
4498
4502
4508
4511
4516
4519
4524
4529
4531
4534
4538
4541
4543
4546
4550
4556
4558
4561
4562
4563
4564
4566
4570
4573
4575
4577
4578
4579
4580
4581
4582
4583
4587
4591
4594
4598
4603
4609
4610
4611
4612
4613
4614
4615
4616
4617
4620
4623
4626
4631
4643
4648
4654
4657
4658
4659
4660
4661
4662
4664
4666
4668
4670
4675
4679
4682
4685
4687
4704
4705
4706
4708
4710
4715
4718
4723
4726
4729
4732
4739
4741
4743
4745
4748
4752
4753
4757
4763
4774
4779
4782
4786
4787
4788
4789
4790
4791
4793
4800
4801
4802
4803
4804
4805
4806
4807
4808
4809
4810
4811
4812
4817
4821
4825
4831
4835
4837
4839
4844
4851
4854
4864
4865
4866
4867
4868
4869
4870
4873
4878
4886
4894
4898
4899
4900
4901
4902
4903
4906
4909
4932
4935
4938
4946
4950
4952
4956
4959
4962
4963
4964
4967
4968
4970
4971
4972
4977
4978
4979
4982
4986
4988
4990
4994
4998
5002
5004
5013
5016
5023
5032
5039
5043
5045
5049
5055
5059
5062
5065
5067
5069
5073
5075
5077
5079
5081
5085
5095
5098
5102
5106
5108
5110
5118
5126
5131
5135
5139
5141
5145
5151
5155
5158
5161
5164
5166
5177
5180
5188
5190
5193
5197
5200
5202
5204
5206
5210
5213
5224
5226
5229
5236
5241
5246
5251
5253
5258
5262
5266
5268
5270
5273
5279
5283
5287
5292
5294
5300
5302
5305
5307
5309
5311
5316
5322
5326
5329
5333
5335
5341
5347
5352
5354
5360
5362
5364
5366
5369
5372
5374
5377
5380
5382
5386
5388
5390
5392
5394
5396
5398
5400
5405
5408
5410
5412
5414
5417
5420
5429
5433
5437
5441
5443
5448
5453
5457
5461
5467
5471
5475
5477
5479
5483
5488
5490
5492
5494
5500
5503
5509
5511
5513
5517
5522
5527
5531
5537
5539
5544
5549
5556
5559
5562
5571
5575
5579
5584
5586
5589
5593
5596
5598
5604
5607
5610
5616
5618
5620
5622
5624
5631
5635
5638
5641
5645
5647
5653
5655
5659
5664
5666
5669
5673
5676
5678
5683
5685
5687
5689
5691
5694
5696
5698
5700
5703
5705
5708
5712
5714
5716
5721
5727
5731
5733
5735
5737
5739
5744
5746
5749
5752
5759
5764
5767
5769
5771
5774
5777
5779
5781
5783
5786
5790
5794
5796
5800
5806
5813
5821
5826
5829
5831
5835
5839
5844
5849
5854
5860
5864
5868
5871
5873
5876
5878
5881
5883
5887
5891
5896
5901
5905
5907
5909
5912
5916
5919
5930
5935
5940
5943
5946
5952
5954
5956
5959
5963
5970
5975
5986
5991
5993
5996
6002
6005
6007
6011
6017
6019
6024
6029
6032
6034
6036
6041
6047
6050
6054
6058
6060
6063
6071
6074
6077
6082
6084
6086
6088
6090
6098
6100
6104
6108
6116
6124
6129
6133
6135
6138
6141
6143
6147
6150
6153
6160
6162
6166
6168
6170
6173
6175
6179
6181
6183
6188
6192
6194
6198
6203
6209
6211
6213
6218
6226
6228
6232
6237
6243
6246
6249
6253
6257
6262
6266
6276
6282
6303
6306
6308
6310
6313
6316
6330
6336
6338
6340
6343
6348
6351
6354
6357
6361
6365
6368
6370
6375
6380
6385
6387
6392
6396
6401
6403
6407
6411
6414
6417
6419
6423
6425
6427
6433
6435
6438
6440
6443
6447
6451
6456
6460
6465
6467
6470
6472
6477
6482
6485
6488
6491
6494
6501
6507
6514
6516
6518
6520
6522
6524
6526
6533
6537
6541
6547
6551
6558
6564
6568
6573
6651
6654
6660
6662
6667
6670
6685
6693
6696
6700
6703
6715
6718
6724
6727
6736
6738
6741
6743
6745
6748
6764
6766
6772
6780
6785
6787
6789
6792
6795
6800
6802
6804
6806
6809
6819
6821
6826
6832
6834
6837
6845
6851
6858
6863
6867
6871
6875
6878
6883
6888
6896
6898
6900
6906
6909
6913
6915
6919
6924
6930
6932
6936
6941
6946
6949
6954
6967
6972
6975
6985
6988
6993
6995
6997
6999
7003
7006
7011
7014
7018
7022
7026
7028
7031
7036
7040
7042
7046
7057
7059
7062
7066
7071
7078
7087
7090
7093
7097
7101
7115
7119
7126
7129
7134
7139
7142
7147
7153
7155
7160
7163
7166
7170
7173
7175
7181
7223
7227
7232
7234
7236
7238
7240
7243
7246
7249
7251
7256
7259
7263
7266
7268
7272
7276
7280
7282
7284
7288
7293
7298
7300
7302
7307
7312
7314
7317
7320
7330
7333
7339
7343
7346
7351
7357
7374
7389
7396
7399
7405
7408
7411
7415
7420
7427
7430
7433
7438
7444
7448
7452
7458
7461
7468
7486
7491
7495
7501
7508
7514
7519
7523
7526
7529
7532
7535
7538
7541
7544
7547
7550
7555
7559
7562
7579
7582
7593
7601
7604
7610
7614
7621
7624
7627
7632
7635
7638
7643
7646
7654
7658
7667
7672
7676
7681
7684
7687
7691
7694
7697
7702
7706
7711
7715
7718
7722
7729
7732
7735
7740
7774
7784
7791
7798
7801
7804
7811
7817
7823
7831
7843
7846
7852
7857
7860
7863
7866
7871
7877
7883
7893
7896
7902
7912
7915
7923
7928
7940
7943
7946
7950
7954
7957
7960
7963
7969
7974
7977
7996
8001
8006
8014
8022
8027
8058
8066
8069
8074
8078
8082
8088
8098
8104
8109
8115
8118
8121
8131
8140
8148
8152
8157
8166
8171
8175
8180
8186
8193
8196
8199
8205
8210
8213
8216
8220
8234
8239
8243
8248
8253
8258
8261
8264
8267
8271
8276
8281
8287
8296
8299
8314
8318
8335
8340
8344
8349
8381
8391
8394
8397
8407
8410
8427
8432
8436
8442
8446
8452
8456
8461
8487
8491
8498
8505
8509
8517
8523
8535
8543
8555
8577
8584
8592
8596
8601
8607
8616
8628
8635
8651
8658
8662
8668
8675
8681
8721
8725
8729
8734
8742
8749
8756
8763
8769
8774
8778
8786
8792
8805
8813
8827
8833
8837
8841
8845
8852
8862
8936
8940
8947
8951
8960
8964
8969
8974
8981
8989
9008
9012
9018
9023
9028
9032
9036
9042
9048
9055
9066
9083
9088
9092
9096
9126
9131
9136
9141
9148
9153
9158
9170
9175
9182
9189
9194
9204
9210
9219
9224
9240
9246
9254
9261
9293
9299
9306
9311
9318
9323
9337
9348
9353
9358
9377
9382
9389
9425
9430
9436
9443
9448
9458
9463
9473
9479
9490
9496
9502
9514
9522
9528
9534
9541
9547
9564
9571
9577
9584
9591
9603
9610
9620
9627
9646
9658
9670
9677
9710
9733
9740
9748
9757
9767
9774
9783
9790
9802
9812
9822
9843
9850
9859
9866
9882
9891
9899
9915
9944
9962
9975
9983
10002
10010
10022
10030
10039
10051
10062
10080
10088
10153
10162
10171
10339
10348
10363
10375
10386
10395
10410
10426
10439
10449
10459
10482
10512
10556
